# Wavelength (A) 	 Flux
3.902915623525804676e+03 1.320163032924175495e+05
3.905469242023340485e+03 1.311933647568963643e+05
3.908022878243281866e+03 1.317043067682926485e+05
3.910576532131545719e+03 1.248414667814854474e+05
3.913130203634252211e+03 1.289308348971909436e+05
3.915683892697723877e+03 1.212008373060649610e+05
3.918237599268487884e+03 1.248936200776073529e+05
3.920791323293273763e+03 1.283168357444594731e+05
3.923345064719014772e+03 1.095267653815816011e+05
3.925898823492847441e+03 7.059473569855653295e+03
3.928452599562111573e+03 9.436524303145206068e+04
3.931006392874350240e+03 8.941872843372251373e+04
3.933560203377310245e+03 8.681024485776809161e+04
3.936114031018941205e+03 8.814704486049361003e+04
3.938667875747396010e+03 1.020917979170450999e+05
3.941221737511031733e+03 1.059414501069668622e+05
3.943775616258407354e+03 1.110932190791587491e+05
3.946329511938286032e+03 1.233465003957081935e+05
3.948883424499634657e+03 1.244746958093175926e+05
3.951437353891622934e+03 1.303798505228428985e+05
3.953991300063623385e+03 1.278572663869531243e+05
3.956545262965212714e+03 1.269188364023707982e+05
3.959099242546170899e+03 1.144549967687596509e+05
3.961653238756480278e+03 1.067635200101614610e+05
3.964207251546327825e+03 9.520172953139014135e+04
3.966761280866102879e+03 9.542889383455930511e+04
3.969315326666398505e+03 9.147672496706698439e+04
3.971869388898010584e+03 9.882094677115904051e+04
3.974423467511939634e+03 1.082718386329625355e+05
3.976977562459387627e+03 1.184016628475282196e+05
3.979531673691761171e+03 1.212924813202858495e+05
3.982085801160670144e+03 1.351964036257145635e+05
3.984639944817927244e+03 1.338350268296494905e+05
3.987194104615548895e+03 1.356706507773970952e+05
3.989748280505754337e+03 1.431099094734418322e+05
3.992302472440966540e+03 1.476013523768155719e+05
3.994856680373811287e+03 1.493511276758896420e+05
3.997410904257119000e+03 1.406012612440482480e+05
3.999965144043921555e+03 1.365073342823418207e+05
4.002519399687455916e+03 1.324727057171227352e+05
4.005073671141161412e+03 1.330279986454858736e+05
4.007627958358680189e+03 1.312612139912620769e+05
4.010182261293859028e+03 1.379882604331222246e+05
4.012736579900747074e+03 1.365903888900463353e+05
4.015290914133597198e+03 1.326820502897701226e+05
4.017845263946865543e+03 1.320162720501853910e+05
4.020399629295211071e+03 1.355784271552445716e+05
4.022954010133497377e+03 1.281940615585679043e+05
4.025508406416789512e+03 1.294661393545604806e+05
4.028062818100357617e+03 1.233165029284734774e+05
4.030617245139674196e+03 1.198810425955870305e+05
4.033171687490414570e+03 1.189985477971685177e+05
4.035726145108459150e+03 1.154930276072724373e+05
4.038280617949890257e+03 1.216556860903432680e+05
4.040835105970993482e+03 1.260972791120995826e+05
4.043389609128258144e+03 1.543974547697175876e+05
4.045944127378377289e+03 1.852357048320238246e+05
4.048498660678246779e+03 1.682257749358471774e+05
4.051053208984965750e+03 1.467727507673419896e+05
4.053607772255836608e+03 1.138188319295679830e+05
4.056162350448365487e+03 1.120408319365298375e+05
4.058716943520261793e+03 1.057107154373736848e+05
4.061271551429437295e+03 1.012904477432598069e+05
4.063826174134008852e+03 1.021605650669952593e+05
4.066380811592295231e+03 9.639488806340857991e+04
4.068935463762818472e+03 9.461792907032485527e+04
4.071490130604305250e+03 1.002219863183279085e+05
4.074044812075684604e+03 9.747067817537808151e+04
4.076599508136088389e+03 1.004396236327170482e+05
4.079154218744852642e+03 1.027461197319036728e+05
4.081708943861516673e+03 1.017948441607303685e+05
4.084263683445823062e+03 9.901550979290201212e+04
4.086818437457717209e+03 9.756679703518802125e+04
4.089373205857348239e+03 1.018349523941858643e+05
4.091927988605069004e+03 1.006586608989414526e+05
4.094482785661434718e+03 9.379887839718490432e+04
4.097037596987204779e+03 9.049774188857784611e+04
4.099592422543340945e+03 8.326432474155066302e+04
4.102147262291009611e+03 8.434670428382737737e+04
4.104702116191579989e+03 9.128944461063976632e+04
4.107256984206623201e+03 9.856789441857760539e+04
4.109811866297915913e+03 9.267076590793314972e+04
4.112366762427437607e+03 9.504193149376110523e+04
4.114921672557368765e+03 9.600248571025471028e+04
4.117476596650096326e+03 9.614306031766394153e+04
4.120031534668209133e+03 9.605060095502136392e+04
4.122586486574499759e+03 9.160504911516676657e+04
4.125141452331962682e+03 9.478603960465939599e+04
4.127696431903797929e+03 9.496100684948312119e+04
4.130251425253407433e+03 8.918169336601429677e+04
4.132806432344395944e+03 8.779690349133836571e+04
4.135361453140573758e+03 9.051595014170481591e+04
4.137916487605951261e+03 9.205645134608757508e+04
4.140471535704745293e+03 9.304189241523579403e+04
4.143026597401374602e+03 8.837984899972454878e+04
4.145581672660461663e+03 8.502997989129378402e+04
4.148136761446830860e+03 8.925790674136758025e+04
4.150691863725511212e+03 8.819042531380757282e+04
4.153246979461736373e+03 8.667511880037419905e+04
4.155802108620939180e+03 8.571705348085568403e+04
4.158357251168760740e+03 8.724794204100976640e+04
4.160912407071042253e+03 9.124884459545016580e+04
4.163467576293828643e+03 9.302730569769065187e+04
4.166022758803369470e+03 9.423892151385168836e+04
4.168577954566116205e+03 1.002290708172421437e+05
4.171133163548724042e+03 9.155515226958188578e+04
4.173688385718052814e+03 8.595812573765232810e+04
4.176243621041163351e+03 8.487064572653418873e+04
4.178798869485321120e+03 8.947879893340468698e+04
4.181354131017995314e+03 8.799656910821150814e+04
4.183909405606857945e+03 8.738075847787123348e+04
4.186464693219783840e+03 9.006687363830230606e+04
4.189019993824851554e+03 8.988118957933264028e+04
4.191575307390344278e+03 9.313561099759192439e+04
4.194130633884745293e+03 9.613289163610507967e+04
4.196685973276745244e+03 9.351112016855996626e+04
4.199241325535233955e+03 8.977223017869659816e+04
4.201796690629308614e+03 8.841880986542785831e+04
4.204352068528266500e+03 9.678946355984886759e+04
4.206907459201609527e+03 1.009772009229530086e+05
4.209462862619043335e+03 1.012049998570623138e+05
4.212018278750476384e+03 1.030650378893212037e+05
4.214573707566020857e+03 1.042466631156652293e+05
4.217129149035990849e+03 9.970327218070640811e+04
4.219684603130905998e+03 1.044146173922072485e+05
4.222240069821487850e+03 1.100718319287206687e+05
4.224795549078660770e+03 1.010248066096155089e+05
4.227351040873553757e+03 9.340487880496514845e+04
4.229906545177498629e+03 1.022963514854626992e+05
4.232462061962030020e+03 1.105270911578651576e+05
4.235017591198887203e+03 1.104074185998031317e+05
4.237573132860011356e+03 1.068575749944623676e+05
4.240128686917547384e+03 1.062489981799775269e+05
4.242684253343844830e+03 1.124185397013889742e+05
4.245239832111453325e+03 1.121121110548532888e+05
4.247795423193129864e+03 1.111056887030430371e+05
4.250351026561831532e+03 1.057703692664544360e+05
4.252906642190720049e+03 1.059565593599692074e+05
4.255462270053160864e+03 1.103144650813150074e+05
4.258017910122722242e+03 1.126115426131504792e+05
4.260573562373176173e+03 1.058638615033261012e+05
4.263129226778496559e+03 1.091088575274439354e+05
4.265684903312861934e+03 1.152272558735469065e+05
4.268240591950655471e+03 1.156972439738889807e+05
4.270796292666459522e+03 1.046938359461280343e+05
4.273352005435064711e+03 1.001129834920634894e+05
4.275907730231460846e+03 1.103574708210559183e+05
4.278463467030843276e+03 1.160086133056359977e+05
4.281019215808611079e+03 1.148836177891462430e+05
4.283574976540364332e+03 1.171071319206173066e+05
4.286130749201908657e+03 1.135395294392296782e+05
4.288686533769252492e+03 1.136282230702222441e+05
4.291242330218607094e+03 1.138317547188135068e+05
4.293798138526387447e+03 1.130105181294575887e+05
4.296353958669211352e+03 1.121429095423166000e+05
4.298909790623899426e+03 1.058813851375958766e+05
4.301465634367477833e+03 1.047884708458834357e+05
4.304021489877174645e+03 1.071395644506714016e+05
4.306577357130420751e+03 1.064168724404378590e+05
4.309133236104849857e+03 1.031302535397015745e+05
4.311689126778302125e+03 1.023761768345097080e+05
4.314245029128817805e+03 1.180199446219540987e+05
4.316800943134641784e+03 1.308010228860397619e+05
4.319356868774221766e+03 1.411596124253375747e+05
4.321912806026209182e+03 1.338978476014675398e+05
4.324468754869458280e+03 1.206509192615491775e+05
4.327024715283028854e+03 1.190209563557008369e+05
4.329580687246179878e+03 1.319175751982358634e+05
4.332136670738377688e+03 1.370306371739289607e+05
4.334692665739289623e+03 1.384336107505041582e+05
4.337248672228785836e+03 1.360048273599259555e+05
4.339804690186942935e+03 1.224041049716669804e+05
4.342360719594038528e+03 1.236170156162524654e+05
4.344916760430552131e+03 1.358840659073146526e+05
4.347472812677169713e+03 1.478090989233492292e+05
4.350028876314779154e+03 1.463965481654919568e+05
4.352584951324471149e+03 1.401852737237307592e+05
4.355141037687540120e+03 1.515532487225537479e+05
4.357697135385484216e+03 4.110563716620604973e+05
4.360253244400004405e+03 4.808004999782986124e+05
4.362809364713006289e+03 2.198295660665524483e+05
4.365365496306595560e+03 1.622921346264274907e+05
4.367921639163085274e+03 1.583230091001884430e+05
4.370477793264989486e+03 1.555423653373970010e+05
4.373033958595025069e+03 1.516744453753440466e+05
4.375590135136113531e+03 1.503678718531911436e+05
4.378146322871379198e+03 1.502293165822656301e+05
4.380702521784150122e+03 1.526957090237456141e+05
4.383258731857958082e+03 1.431234205689851951e+05
4.385814953076535858e+03 1.389643822741046606e+05
4.388371185423821771e+03 1.501456709375179780e+05
4.390927428883957873e+03 1.537350422325514664e+05
4.393483683441287212e+03 1.551205991396201716e+05
4.396039949080357474e+03 1.578087682739056763e+05
4.398596225785920069e+03 1.610567805039158557e+05
4.401152513542930137e+03 1.573825895269644680e+05
4.403708812336543815e+03 1.569255809278334782e+05
4.406265122152122785e+03 1.569621291361613257e+05
4.408821442975230639e+03 1.603359347098247381e+05
4.411377774791636512e+03 1.691456932586415496e+05
4.413934117587309629e+03 1.694944412638681824e+05
4.416490471348425672e+03 1.650164210460231698e+05
4.419046836061361319e+03 1.726348659787148354e+05
4.421603211712696975e+03 1.748012671143458574e+05
4.424159598289217683e+03 1.746687107366001292e+05
4.426715995777911303e+03 1.777845718545248674e+05
4.429272404165967600e+03 1.772744019424939179e+05
4.431828823440780980e+03 1.782086426748067024e+05
4.434385253589950480e+03 1.794927594452912163e+05
4.436941694601275231e+03 1.842007765244291804e+05
4.439498146462758996e+03 1.863109359644737269e+05
4.442054609162611087e+03 1.817952295504654176e+05
4.444611082689239993e+03 1.793044044450208894e+05
4.447167567031261569e+03 1.837097267325974244e+05
4.449724062177492669e+03 1.832467852180229092e+05
4.452280568116954782e+03 1.863837034135534777e+05
4.454837084838870396e+03 1.903183562657668663e+05
4.457393612332668454e+03 1.893251039121042704e+05
4.459950150587977987e+03 1.849283554153981095e+05
4.462506699594634483e+03 1.816156543352978479e+05
4.465063259342675337e+03 1.862102172516319552e+05
4.467619829822339852e+03 1.892820572281065397e+05
4.470176411024072877e+03 1.871881273480171512e+05
4.472733002938522077e+03 1.898036177558922500e+05
4.475289605556537936e+03 1.932160310811906529e+05
4.477846218869173754e+03 1.909769344596621522e+05
4.480402842867686559e+03 1.891302283738009573e+05
4.482959477543538924e+03 1.881014166004214785e+05
4.485516122888392601e+03 1.905588247594392160e+05
4.488072778894115800e+03 1.933632575207170157e+05
4.490629445552778634e+03 1.880878678143352445e+05
4.493186122856655857e+03 1.901311777964979410e+05
4.495742810798223218e+03 1.899691393574650865e+05
4.498299509370162923e+03 1.924877670516945363e+05
4.500856218565357267e+03 1.959417499527905893e+05
4.503412938376894999e+03 1.946858757706222823e+05
4.505969668798065868e+03 1.959095444324697892e+05
4.508526409822362439e+03 1.948170577960102819e+05
4.511083161443483732e+03 1.940144080160403391e+05
4.513639923655329767e+03 1.959049040660550527e+05
4.516196696452004289e+03 1.950281947715760616e+05
4.518753479827812953e+03 1.923323295938482916e+05
4.521310273777267867e+03 1.895398284271107696e+05
4.523867078295083047e+03 1.873828839036910795e+05
4.526423893376173510e+03 1.806712228788335924e+05
4.528980719015661634e+03 1.740633411614562210e+05
4.531537555208870799e+03 1.758318833556868485e+05
4.534094401951326290e+03 1.716271047492593643e+05
4.536651259238760758e+03 1.731083059365718800e+05
4.539208127067106943e+03 1.748970096622275887e+05
4.541765005432501312e+03 1.727712508499489340e+05
4.544321894331284966e+03 1.699004833915401541e+05
4.546878793760000917e+03 1.677370900484441663e+05
4.549435703715396812e+03 1.650196880507645255e+05
4.551992624194422206e+03 1.611572887363688787e+05
4.554549555194231289e+03 1.605694523078943894e+05
4.557106496712180160e+03 1.581816953195160895e+05
4.559663448745830465e+03 1.609172939475441526e+05
4.562220411292944846e+03 1.600336091141878569e+05
4.564777384351489673e+03 1.550242110406324791e+05
4.567334367919635952e+03 1.526351128179976367e+05
4.569891361995757507e+03 1.536723640178318892e+05
4.572448366578430068e+03 1.496520884759596665e+05
4.575005381666434005e+03 1.493361292402075778e+05
4.577562407258754320e+03 1.481463544792133325e+05
4.580119443354576106e+03 1.435769994019642763e+05
4.582676489953290002e+03 1.395402269933370117e+05
4.585233547054489463e+03 1.408542713670498051e+05
4.587790614657971673e+03 1.406885151949085703e+05
4.590347692763736632e+03 1.405903415230005048e+05
4.592904781371988065e+03 1.379229626181059575e+05
4.595461880483131608e+03 1.320359955467184482e+05
4.598018990097777532e+03 1.324143747412418597e+05
4.600576110216739835e+03 1.318897819828756910e+05
4.603133240841035331e+03 1.296836269615619094e+05
4.605690381971883653e+03 1.294320413740935037e+05
4.608247533610708160e+03 1.301606429999747488e+05
4.610804695759135029e+03 1.308044928650923539e+05
4.613361868418995073e+03 1.310775185915414768e+05
4.615919051592321921e+03 1.281929174189086334e+05
4.618476245281351112e+03 1.259065667221692129e+05
4.621033449488523729e+03 1.238139646712224057e+05
4.623590664216481855e+03 1.246378633297379711e+05
4.626147889468073117e+03 1.248893567224575236e+05
4.628705125246346142e+03 1.217881908713146113e+05
4.631262371554556012e+03 1.209402711194649601e+05
4.633819628396157896e+03 1.196005819457696343e+05
4.636376895774811601e+03 1.195579237958267477e+05
4.638934173694381570e+03 1.165127411166293896e+05
4.641491462158933246e+03 1.173032504838452005e+05
4.644048761172736704e+03 1.157007577331026696e+05
4.646606070740265750e+03 1.123947256038723281e+05
4.649163390866196096e+03 1.096374985122061771e+05
4.651720721555407181e+03 1.132903796856499102e+05
4.654278062812983990e+03 1.115571701396798453e+05
4.656835414644210687e+03 1.125753313842509378e+05
4.659392777054578801e+03 1.148207900588685297e+05
4.661950150049779950e+03 1.136306108357268386e+05
4.664507533635712207e+03 1.120913190039058682e+05
4.667064927818473734e+03 1.101949783456819860e+05
4.669622332604369149e+03 1.105559857717635459e+05
4.672179747999904066e+03 1.127220247186907654e+05
4.674737174011786919e+03 1.124480031497233140e+05
4.677294610646933506e+03 1.120576476903138537e+05
4.679852057912457894e+03 1.073116962696693081e+05
4.682409515815680606e+03 1.053878032315659511e+05
4.684966984364124073e+03 1.044880141341271374e+05
4.687524463565515362e+03 1.029373425887185876e+05
4.690081953427784356e+03 1.002180573824671737e+05
4.692639453959062848e+03 1.012629051724053570e+05
4.695196965167688177e+03 1.006470296682441840e+05
4.697754487062198677e+03 9.895825283727137139e+04
4.700312019651339142e+03 9.450222301430114021e+04
4.702869562944054451e+03 9.266313901702195290e+04
4.705427116949494120e+03 9.365808493462792831e+04
4.707984681677011395e+03 9.278183574475727801e+04
4.710542257136163244e+03 9.190964242277359881e+04
4.713099843336707636e+03 9.238872295377554838e+04
4.715657440288608996e+03 9.173087208431324689e+04
4.718215048002031835e+03 9.390464905158366309e+04
4.720772666487348033e+03 9.358362878712663951e+04
4.723330295755127736e+03 9.225365678380915779e+04
4.725887935816148456e+03 9.234041892997766263e+04
4.728445586681389614e+03 8.880282247844479571e+04
4.731003248362034356e+03 8.616544896435727424e+04
4.733560920869467736e+03 8.657505974318666267e+04
4.736118604215279447e+03 8.793350064492474485e+04
4.738676298411262906e+03 8.587765181886845676e+04
4.741234003469413437e+03 8.716168584885343444e+04
4.743791719401931005e+03 8.787680279085577058e+04
4.746349446221218386e+03 8.736966731843144225e+04
4.748907183939881179e+03 8.713161967916050344e+04
4.751464932570728706e+03 8.766360610573447775e+04
4.754022692126774018e+03 8.735571334764386120e+04
4.756580462621232073e+03 8.622062320598824590e+04
4.759138244067524283e+03 8.322770242230607255e+04
4.761696036479271243e+03 8.341882956887746695e+04
4.764253839870299998e+03 8.021766736740543274e+04
4.766811654254639507e+03 7.969037665012909565e+04
4.769369479646522450e+03 7.947999751008521707e+04
4.771927316060384328e+03 7.888438768669094134e+04
4.774485163510865277e+03 8.025837173314945539e+04
4.777043022012807342e+03 8.148208059706457425e+04
4.779600891581255382e+03 7.973378208346497559e+04
4.782158772231460716e+03 8.093822211381459783e+04
4.784716663978874749e+03 8.236350744612028939e+04
4.787274566839152612e+03 7.874345695512239763e+04
4.789832480828154985e+03 7.708659846837652731e+04
4.792390405961943543e+03 7.779740565503056860e+04
4.794948342256783690e+03 7.911627652195765404e+04
4.797506289729145465e+03 7.831922430752833316e+04
4.800064248395700815e+03 7.589549416758387815e+04
4.802622218273326325e+03 7.766563786609725503e+04
4.805180199379099577e+03 7.629436136356236238e+04
4.807738191730303697e+03 7.461723905230328091e+04
4.810296195344425541e+03 7.616407970094037591e+04
4.812854210239152053e+03 7.556260617593125789e+04
4.815412236432377540e+03 7.660086572564969538e+04
4.817970273942197309e+03 7.619715748247363081e+04
4.820528322786909484e+03 7.898229346561238344e+04
4.823086382985016826e+03 7.902649032079597237e+04
4.825644454555224911e+03 7.938375240005775413e+04
4.828202537516443044e+03 8.368785563740928774e+04
4.830760631887784257e+03 7.545761127830005717e+04
4.833318737688563488e+03 7.620961553288367577e+04
4.835876854938298493e+03 7.686610694233013783e+04
4.838434983656713484e+03 7.657769112544557720e+04
4.840993123863732762e+03 7.505121464627879323e+04
4.843551275579486173e+03 7.479610365999054920e+04
4.846109438824305471e+03 7.755793958625482628e+04
4.848667613618726136e+03 7.624572280982622760e+04
4.851225799983487377e+03 7.513029998701121076e+04
4.853783997939532128e+03 7.496940155088588654e+04
4.856342207508003412e+03 7.177328161225281656e+04
4.858900428710252527e+03 7.098993203713168623e+04
4.861458661567830859e+03 6.668716885668860050e+04
4.864016906102494431e+03 6.799064078359493578e+04
4.866575162336201174e+03 7.202164643647801131e+04
4.869133430291113655e+03 7.346216225480179128e+04
4.871691709989596347e+03 7.185789376337674912e+04
4.874250001454220182e+03 7.229754916098053218e+04
4.876808304707755269e+03 7.485371872249041917e+04
4.879366619773178172e+03 7.681389995854890731e+04
4.881924946673667364e+03 7.605940184566706012e+04
4.884483285432605044e+03 7.331032754524136544e+04
4.887041636073575319e+03 7.259919945992663270e+04
4.889599998620368751e+03 7.122622183559265977e+04
4.892158373096976902e+03 7.081083104719361290e+04
4.894716759527594149e+03 7.373271844982026960e+04
4.897275157936620417e+03 7.457594396822333510e+04
4.899833568348656627e+03 7.485734887607190467e+04
4.902391990788508338e+03 7.258552840341487899e+04
4.904950425281185744e+03 7.301912135006838071e+04
4.907508871851898220e+03 7.254281301351338334e+04
4.910067330526063415e+03 7.057119150599840214e+04
4.912625801329298156e+03 7.023300373318564380e+04
4.915184284287424816e+03 7.263440455121578998e+04
4.917742779426469497e+03 7.084022611941599462e+04
4.920301286772660205e+03 6.646851863145602692e+04
4.922859806352428677e+03 6.709402612576146203e+04
4.925418338192410374e+03 6.966270352821401320e+04
4.927976882319443575e+03 6.988352247246056504e+04
4.930535438760571196e+03 7.129110383338558313e+04
4.933094007543036241e+03 6.921134104806864343e+04
4.935652588694289079e+03 6.849242802016566566e+04
4.938211182241981078e+03 6.769790105916078028e+04
4.940769788213966422e+03 6.809232699669143767e+04
4.943328406638305751e+03 7.023648359690395591e+04
4.945887037543257975e+03 6.983104122784646461e+04
4.948445680957291188e+03 6.959967536219061003e+04
4.951004336909070844e+03 6.892529169966203335e+04
4.953563005427471580e+03 6.927578756024266477e+04
4.956121686541566305e+03 6.750548444639224908e+04
4.958680380280634381e+03 6.621996424886974273e+04
4.961239086674157079e+03 6.925897372901889321e+04
4.963797805751820306e+03 7.048605607834404509e+04
4.966356537543511877e+03 7.000666544050692755e+04
4.968915282079322424e+03 7.016726241700017999e+04
4.971474039389549034e+03 7.204023150491312845e+04
4.974032809504687975e+03 7.433486888176365755e+04
4.976591592455442878e+03 7.807970430150315224e+04
4.979150388272717464e+03 8.065961610329599353e+04
4.981709196987619180e+03 8.488918333521157911e+04
4.984268018631461928e+03 8.555077331458823755e+04
4.986826853235758790e+03 8.564660078636668914e+04
4.989385700832228395e+03 8.201724022806083667e+04
4.991944561452793096e+03 7.629853783982293680e+04
4.994503435129577156e+03 7.315144683122797869e+04
4.997062321894908564e+03 7.056851946690457407e+04
4.999621221781319946e+03 6.878636862189254316e+04
5.002180134821544925e+03 6.662292953421325365e+04
5.004739061048521762e+03 6.641153364270931343e+04
5.007298000495392444e+03 6.430465309043951856e+04
5.009856953195501774e+03 6.526875362976328324e+04
5.012415919182398284e+03 6.367624699443550344e+04
5.014974898489832412e+03 6.149074873975383525e+04
5.017533891151760145e+03 6.129269480988490250e+04
5.020092897202338463e+03 6.095558112155306299e+04
5.022651916675928987e+03 6.234377762271846586e+04
5.025210949607097064e+03 6.290290821906846395e+04
5.027769996030610855e+03 6.164947290550160687e+04
5.030329055981441343e+03 6.243213587312498566e+04
5.032888129494762325e+03 6.274301304040195828e+04
5.035447216605954054e+03 6.131546721954040549e+04
5.038006317350595964e+03 5.944557108818557026e+04
5.040565431764473033e+03 5.995865399331054505e+04
5.043124559883574875e+03 6.131727389925083844e+04
5.045683701744090286e+03 6.268781146364791493e+04
5.048242857382416332e+03 6.175879401228066854e+04
5.050802026835149263e+03 6.097460463927512319e+04
5.053361210139089962e+03 6.250515247584032477e+04
5.055920407331245769e+03 6.303502064264850924e+04
5.058479618448822293e+03 6.261419602501906047e+04
5.061038843529230689e+03 6.166662468468148290e+04
5.063598082610086749e+03 6.018887518435390666e+04
5.066157335729208171e+03 6.071125435975007713e+04
5.068716602924615472e+03 6.143285579631910514e+04
5.071275884234533805e+03 6.076071728531250119e+04
5.073835179697390231e+03 6.090293822978516255e+04
5.076394489351816446e+03 6.093149155372440146e+04
5.078953813236647875e+03 5.911030996133092412e+04
5.081513151390920939e+03 5.874182057816884480e+04
5.084072503853877606e+03 6.020229886496182735e+04
5.086631870664961752e+03 6.210129000582025765e+04
5.089191251863821890e+03 6.116811489393703960e+04
5.091750647490307529e+03 6.065464396791415493e+04
5.094310057584475544e+03 6.045417626330337953e+04
5.096869482186581990e+03 5.965082346713283187e+04
5.099428921337088468e+03 5.806312763498986169e+04
5.101988375076659395e+03 5.980592443400528282e+04
5.104547843446162005e+03 5.944888412260937184e+04
5.107107326486668171e+03 5.859367671004999283e+04
5.109666824239451671e+03 5.945938998603110667e+04
5.112226336745990011e+03 6.077476621535063168e+04
5.114785864047964424e+03 6.133077874946832890e+04
5.117345406187259869e+03 6.220452442071190308e+04
5.119904963205963213e+03 6.129187364053836063e+04
5.122464535146365961e+03 6.033874082040662324e+04
5.125024122050961523e+03 5.927967551608660870e+04
5.127583723962447948e+03 5.880987644123636710e+04
5.130143340923727010e+03 5.963549503951981751e+04
5.132702972977902391e+03 5.962383526630116103e+04
5.135262620168280591e+03 5.930693046638392116e+04
5.137822282538373656e+03 5.859081632099265698e+04
5.140381960131896449e+03 5.821273609214239696e+04
5.142941652992764830e+03 5.775771895024638070e+04
5.145501361165101116e+03 5.767530431994172977e+04
5.148061084693228622e+03 5.939391362964160362e+04
5.150620823621675299e+03 6.285219438441426610e+04
5.153180577995171006e+03 6.472401957328936987e+04
5.155740347858651148e+03 6.544713260205544066e+04
5.158300133257253037e+03 6.297938488636697002e+04
5.160859934236316803e+03 5.986171074523768766e+04
5.163419750841387213e+03 5.766100237467894476e+04
5.165979583118210940e+03 5.349369150499201351e+04
5.168539431112740203e+03 5.228636577432427293e+04
5.171099294871127313e+03 5.249070010588473815e+04
5.173659174439730123e+03 5.287352075518289348e+04
5.176219069865110214e+03 5.637137407398495998e+04
5.178778981194031076e+03 5.618124735575407976e+04
5.181338908473459014e+03 5.497402695936478995e+04
5.183898851750567701e+03 5.183148730846300168e+04
5.186458811072727258e+03 5.394562809856980311e+04
5.189018786487518810e+03 5.762495093201405689e+04
5.191578778042719932e+03 5.686304722098149796e+04
5.194138785786315566e+03 5.610467335496211308e+04
5.196698809766494378e+03 5.596783162212928437e+04
5.199258850031645125e+03 5.632883292222621822e+04
5.201818906630363017e+03 5.727466170684583631e+04
5.204378979611444265e+03 5.617502713644731557e+04
5.206939069023890625e+03 5.527423641838254844e+04
5.209499174916904849e+03 5.546620362571887381e+04
5.212059297339894329e+03 5.731908025207046740e+04
5.214619436342471090e+03 5.669824899442499009e+04
5.217179591974446339e+03 5.621974037104757736e+04
5.219739764285839556e+03 5.687138177554810682e+04
5.222299953326870309e+03 5.738173248314912053e+04
5.224860159147962804e+03 5.627997647538386809e+04
5.227420381799744064e+03 5.427410675849454128e+04
5.229980621333043928e+03 5.617224034863513225e+04
5.232540877798897782e+03 5.619544194761930703e+04
5.235101151248540191e+03 5.540268032516288804e+04
5.237661441733413994e+03 5.665610182516553323e+04
5.240221749305162120e+03 5.723637574991688598e+04
5.242782074015631224e+03 5.578762482511575217e+04
5.245342415916871687e+03 5.592849250001086330e+04
5.247902775061138527e+03 5.618488787518137542e+04
5.250463151500887761e+03 5.543516078960707819e+04
5.253023545288779133e+03 5.572475137700766209e+04
5.255583956477677930e+03 5.543749128568484593e+04
5.258144385120649531e+03 5.563943276769248769e+04
5.260704831270964860e+03 5.627830727104041580e+04
5.263265294982098567e+03 5.585781708043216349e+04
5.265825776307726301e+03 5.539237452691813814e+04
5.268386275301729256e+03 5.442506390730662679e+04
5.270946792018189626e+03 5.535897996709444851e+04
5.273507326511396059e+03 5.551599847593523737e+04
5.276067878835838201e+03 5.421025472863420146e+04
5.278628449046209425e+03 5.461215954881692596e+04
5.281189037197406833e+03 5.442945402431167167e+04
5.283749643344530341e+03 5.338152491912876576e+04
5.286310267542883594e+03 5.379959211894244800e+04
5.288870909847973962e+03 5.490987600185404881e+04
5.291431570315511635e+03 5.506919058526692970e+04
5.293992249001408709e+03 5.422733058167387208e+04
5.296552945961783735e+03 5.374182443501491070e+04
5.299113661252956263e+03 5.292034424212451268e+04
5.301674394931449569e+03 5.391842614933709410e+04
5.304235147053990659e+03 5.464267437888274435e+04
5.306795917677509351e+03 5.488803921926800103e+04
5.309356706859139194e+03 5.445843836648976139e+04
5.311917514656216554e+03 5.478877930185454898e+04
5.314478341126283340e+03 5.374349258262949297e+04
5.317039186327080643e+03 5.304393638191900391e+04
5.319600050316556008e+03 5.246912720142748003e+04
5.322160933152860707e+03 5.263308094806686859e+04
5.324721834894346102e+03 5.139713576512456348e+04
5.327282755599570010e+03 5.147755492939238320e+04
5.329843695327292153e+03 5.241654698273072427e+04
5.332404654136476893e+03 5.430262888674471469e+04
5.334965632086288679e+03 5.500142352366992418e+04
5.337526629236099325e+03 5.571431374745054200e+04
5.340087645645481643e+03 5.549991868168301880e+04
5.342648681374212174e+03 5.713373365045226092e+04
5.345209736482270273e+03 6.287648084782189835e+04
5.347770811029840843e+03 6.951387918338035524e+04
5.350331905077307965e+03 6.778530641377608117e+04
5.352893018685264906e+03 6.719286773284173978e+04
5.355454151914501381e+03 7.088840189243834175e+04
5.358015304826016290e+03 7.274623675405871472e+04
5.360576477481008624e+03 7.202008908083807910e+04
5.363137669940881096e+03 6.934652398706732492e+04
5.365698882267241061e+03 6.750868213838986412e+04
5.368260114521898686e+03 6.654106041497207480e+04
5.370821366766866049e+03 6.519509574515097484e+04
5.373382639064360774e+03 6.527541033560272626e+04
5.375943931476800572e+03 6.634211196476240002e+04
5.378505244066811429e+03 6.617887722688715439e+04
5.381066576897217601e+03 6.593159499527218577e+04
5.383627930031050710e+03 6.620221044869684556e+04
5.386189303531540645e+03 6.596495482780679595e+04
5.388750697462127391e+03 6.433099787147154711e+04
5.391312111886449202e+03 6.269800969552937750e+04
5.393873546868348967e+03 6.133127594888153544e+04
5.396435002471873304e+03 6.142444705539904680e+04
5.398996478761271646e+03 6.128353164285660750e+04
5.401557975800996246e+03 6.124603241129888920e+04
5.404119493655705810e+03 6.111996256381965941e+04
5.406681032390257315e+03 6.031922765064981650e+04
5.409242592069715101e+03 6.103670508310654986e+04
5.411804172759346329e+03 6.414166530391859123e+04
5.414365774524619155e+03 6.781504101379291387e+04
5.416927397431206373e+03 7.028629711092657817e+04
5.419489041544985412e+03 7.009218800086656120e+04
5.422050706932035609e+03 6.907296085415943526e+04
5.424612393658638211e+03 6.726668999062958756e+04
5.427174101791281828e+03 6.459548508158174809e+04
5.429735831396655158e+03 6.351267767388158245e+04
5.432297582541650627e+03 6.370731163819896028e+04
5.434859355293364388e+03 6.345577363116057677e+04
5.437421149719096320e+03 6.431782831281990366e+04
5.439982965886349120e+03 6.410185766932716069e+04
5.442544803862829212e+03 6.419880022813849791e+04
5.445106663716445837e+03 6.239086517346230539e+04
5.447668545515311962e+03 6.175848141922928335e+04
5.450230449327744282e+03 6.289580486398144421e+04
5.452792375222260489e+03 6.239518358558921318e+04
5.455354323267583823e+03 6.250109021601558197e+04
5.457916293532642158e+03 8.092332374182972126e+04
5.460478286086563458e+03 1.246784499758112652e+05
5.463040300998680323e+03 1.168877951543194067e+05
5.465602338338529989e+03 7.593843582120463543e+04
5.468164398175849783e+03 6.189282873860729160e+04
5.470726480580584393e+03 5.928787374441448628e+04
5.473288585622878600e+03 5.830255471596823190e+04
5.475850713373082726e+03 5.628760369605371670e+04
5.478412863901749006e+03 5.536396840617420094e+04
5.480975037279632488e+03 5.564664362273161532e+04
5.483537233577693769e+03 5.514836371623803279e+04
5.486099452867094442e+03 5.420136623855058860e+04
5.488661695219201647e+03 5.402529717778969643e+04
5.491223960705584432e+03 5.422016762193950854e+04
5.493786249398013751e+03 5.353037836895235523e+04
5.496348561368467927e+03 5.317590080100023624e+04
5.498910896689124456e+03 5.210378601363961207e+04
5.501473255432366386e+03 5.159964430482346506e+04
5.504035637670779579e+03 5.106000639759804471e+04
5.506598043477152714e+03 5.059857156462420971e+04
5.509160472924479109e+03 5.085752742562026106e+04
5.511722926085954896e+03 5.030276262543213670e+04
5.514285403034979026e+03 5.105957697080149956e+04
5.516847903845153269e+03 5.038082493631429679e+04
5.519410428590283118e+03 5.064488944837809686e+04
5.521972977344379615e+03 5.028235440678735904e+04
5.524535550181652980e+03 4.936318461589577782e+04
5.527098147176519888e+03 4.930703817137236911e+04
5.529660768403599832e+03 4.953593980248427397e+04
5.532223413937715122e+03 4.881756963928077312e+04
5.534786083853890887e+03 4.850765372851235588e+04
5.537348778227356888e+03 4.854857268543905957e+04
5.539911497133544799e+03 4.852971338454177749e+04
5.542474240648090927e+03 4.873738372850624728e+04
5.545037008846833487e+03 4.817084370296257839e+04
5.547599801805816242e+03 4.835851732649422775e+04
5.550162619601283950e+03 4.801703346021899779e+04
5.552725462309685099e+03 4.769573199631676107e+04
5.555288330007671902e+03 4.728607239788750303e+04
5.557851222772102119e+03 4.755248196083351650e+04
5.560414140680031778e+03 4.748335484824188461e+04
5.562977083808726093e+03 4.746166809065382404e+04
5.565540052235647636e+03 4.836355281005111465e+04
5.568103046038467255e+03 4.807534588940201502e+04
5.570666065295056796e+03 4.831650763653605100e+04
5.573229110083491832e+03 4.818963306340835697e+04
5.575792180482050753e+03 5.219458297413433320e+04
5.578355276569216585e+03 5.471032272741218185e+04
5.580918398423674262e+03 5.117369459889403515e+04
5.583481546124312445e+03 4.902694347895612736e+04
5.586044719750223521e+03 4.950941838355639629e+04
5.588607919380703606e+03 5.102300898373813834e+04
5.591171145095250722e+03 5.184229274805120076e+04
5.593734396973567527e+03 5.172958464328096306e+04
5.596297675095558589e+03 5.153315496154800348e+04
5.598860979541334018e+03 5.145586536165456346e+04
5.601424310391204017e+03 5.096525244592841773e+04
5.603987667725686151e+03 5.052533669847764395e+04
5.606551051625497166e+03 4.991948832367343857e+04
5.609114462171561172e+03 4.922710014165788743e+04
5.611677899445001458e+03 4.848126052237361728e+04
5.614241363527147769e+03 4.790443160166871530e+04
5.616804854499532667e+03 4.747797713306609512e+04
5.619368372443890621e+03 4.802148733960579557e+04
5.621931917442160739e+03 4.812086100252383767e+04
5.624495489576484033e+03 4.770291660785661225e+04
5.627059088929207064e+03 4.721876423578323011e+04
5.629622715582878300e+03 4.824921740171017882e+04
5.632186369620249025e+03 4.783307664966052835e+04
5.634750051124275160e+03 4.718288744143514486e+04
5.637313760178114535e+03 4.705891304239622696e+04
5.639877496865129615e+03 4.739366289564791077e+04
5.642441261268885683e+03 4.751863000594661571e+04
5.645005053473151747e+03 4.773814863336161943e+04
5.647568873561898727e+03 4.750487278563981818e+04
5.650132721619301265e+03 4.756217199837732915e+04
5.652696597729739551e+03 4.733640439107653947e+04
5.655260501977794775e+03 4.731907784689111577e+04
5.657824434448251850e+03 4.743520952750431024e+04
5.660388395226099419e+03 4.776176273262033646e+04
5.662952384396528942e+03 4.855561809402943618e+04
5.665516402044935603e+03 4.959063878123321774e+04
5.668080448256919226e+03 5.148036769217890105e+04
5.670644523118279722e+03 5.312367539833958290e+04
5.673208626715023456e+03 5.391903431269567955e+04
5.675772759133357795e+03 5.485515720055523707e+04
5.678336920459694738e+03 5.637964776321932732e+04
5.680901110780650924e+03 6.169101985513776162e+04
5.683465330183042170e+03 7.004653978557736264e+04
5.686029578753891656e+03 7.718587912732666882e+04
5.688593856580424472e+03 8.165165322597631894e+04
5.691158163750067615e+03 8.091466061233237269e+04
5.693722500350455448e+03 7.221227634672114800e+04
5.696286866469419692e+03 6.358617136437254521e+04
5.698851262195001254e+03 5.777375358736816997e+04
5.701415687615440220e+03 5.428828706849455921e+04
5.703980142819182220e+03 5.144597150012185011e+04
5.706544627894875703e+03 4.942277039297388546e+04
5.709109142931371935e+03 4.855673200280088349e+04
5.711673688017724999e+03 4.763623628200870007e+04
5.714238263243195433e+03 4.728029662185881898e+04
5.716802868697242047e+03 4.754509329560913466e+04
5.719367504469531923e+03 4.759508036319016537e+04
5.721932170649931322e+03 4.744239548508624284e+04
5.724496867328512963e+03 4.707953441204877163e+04
5.727061594595552378e+03 4.666351869175954926e+04
5.729626352541526103e+03 4.628516942142858170e+04
5.732191141257116215e+03 4.601534559383365558e+04
5.734755960833208519e+03 4.607503095482275967e+04
5.737320811360889820e+03 4.578267271572172467e+04
5.739885692931451558e+03 4.629450455700843304e+04
5.742450605636389810e+03 4.631916605353153136e+04
5.745015549567401649e+03 4.636244792466709623e+04
5.747580524816388788e+03 4.633885988788318355e+04
5.750145531475455755e+03 4.594149922117775714e+04
5.752710569636910805e+03 4.627378758657768776e+04
5.755275639393265010e+03 4.580596268243867962e+04
5.757840740837233170e+03 4.622014490187870979e+04
5.760405874061733812e+03 4.700164622727730602e+04
5.762971039159887368e+03 4.772944869946705148e+04
5.765536236225019820e+03 4.951648130597248382e+04
5.768101465350658145e+03 5.397269634511832555e+04
5.770666726630533958e+03 5.524220438811996428e+04
5.773232020158580781e+03 5.215533283862195822e+04
5.775797346028938591e+03 4.835209062653993897e+04
5.778362704335947456e+03 4.736559353113989346e+04
5.780928095174152077e+03 4.720992577871505637e+04
5.783493518638300884e+03 4.771566797896266507e+04
5.786058974823344215e+03 4.906257196340548398e+04
5.788624463824437044e+03 5.324177717166126968e+04
5.791189985736938070e+03 5.543993905470769823e+04
5.793755540656406993e+03 5.344834430915792473e+04
5.796321128678609966e+03 5.045427612154684175e+04
5.798886749899513234e+03 4.962841126016964699e+04
5.801452404415288584e+03 5.032511551601909014e+04
5.804018092322310622e+03 5.113190055151268461e+04
5.806583813717157682e+03 5.126421314568036905e+04
5.809149568696610004e+03 5.074164897818840836e+04
5.811715357357652465e+03 5.030397241263931937e+04
5.814281179797472760e+03 5.089177037754653429e+04
5.816847036113462309e+03 5.114189538536940381e+04
5.819412926403214442e+03 5.151097306891279004e+04
5.821978850764528033e+03 5.179746921412188385e+04
5.824544809295403866e+03 5.236925688945865841e+04
5.827110802094046448e+03 5.328037092756268976e+04
5.829676829258862199e+03 5.336311848114384338e+04
5.832242890888464899e+03 5.425065208351687033e+04
5.834808987081665691e+03 5.455137578304846102e+04
5.837375117937484902e+03 5.462220059852761915e+04
5.839941283555141126e+03 5.504844616237736773e+04
5.842507484034060326e+03 5.530599393573794805e+04
5.845073719473870369e+03 5.495517956109107035e+04
5.847639989974401033e+03 5.482988237189999927e+04
5.850206295635687638e+03 5.555008710610143316e+04
5.852772636557966507e+03 5.543065977550995012e+04
5.855339012841679505e+03 5.575337235506455909e+04
5.857905424587471316e+03 5.569083424589100468e+04
5.860471871896188532e+03 5.566715316639077355e+04
5.863038354868882379e+03 5.527117421247071616e+04
5.865604873606806905e+03 5.474143085968826927e+04
5.868171428211419880e+03 5.514978531995232333e+04
5.870738018784381893e+03 5.604765515555624734e+04
5.873304645427557261e+03 5.579650710621453618e+04
5.875871308243014028e+03 5.389959433276887285e+04
5.878438007333021233e+03 5.148952275193318928e+04
5.881004742800056192e+03 4.855629108908795024e+04
5.883571514746792673e+03 4.600891216097871074e+04
5.886138323276113624e+03 4.501684902399614657e+04
5.888705168491102995e+03 4.615542755435072468e+04
5.891272050495047552e+03 4.589965741882826114e+04
5.893838969391438695e+03 4.621039915820575698e+04
5.896405925283969736e+03 4.532950673509531043e+04
5.898972918276538621e+03 4.373824605885086203e+04
5.901539948473246113e+03 4.230193243528020685e+04
5.904107015978395793e+03 4.307070153303648840e+04
5.906674120896495879e+03 4.390710693416845606e+04
5.909241263332256494e+03 4.444050676884272252e+04
5.911808443390591492e+03 4.551441203869968740e+04
5.914375661176617541e+03 4.657369180175665679e+04
5.916942916795656856e+03 4.802896236271684757e+04
5.919510210353231741e+03 4.908728071151320182e+04
5.922077541955070046e+03 5.066892997984783869e+04
5.924644911707103347e+03 5.264156879981145903e+04
5.927212319715464218e+03 5.521148710646507971e+04
5.929779766086490781e+03 5.621019558572198730e+04
5.932347250926723973e+03 5.740494160917316913e+04
5.934914774342905730e+03 5.808658868436265038e+04
5.937482336441986263e+03 5.719721646528381825e+04
5.940049937331112233e+03 5.611592139279747062e+04
5.942617577117641304e+03 5.470789489066748502e+04
5.945185255909128500e+03 5.463692467724179005e+04
5.947752973813334393e+03 5.450108712269609532e+04
5.950320730938223278e+03 5.467275988388979749e+04
5.952888527391962270e+03 5.483214302586662234e+04
5.955456363282922212e+03 5.482561464420345874e+04
5.958024238719675850e+03 5.415315583191015321e+04
5.960592153811001481e+03 5.376449093789953622e+04
5.963160108665877488e+03 5.372963022651564097e+04
5.965728103393490528e+03 5.352213194969185861e+04
5.968296138103225530e+03 5.281078142644913169e+04
5.970864212904673877e+03 5.306477103170668124e+04
5.973432327907628860e+03 5.269840207325365918e+04
5.976000483222087496e+03 5.227689568222505477e+04
5.978568678958248711e+03 5.210257518427335162e+04
5.981136915226519704e+03 5.189801723763290647e+04
5.983705192137504127e+03 5.186044978749866277e+04
5.986273509802014814e+03 5.141144693766601995e+04
5.988841868331062869e+03 5.137991348512144759e+04
5.991410267835866762e+03 5.179419278238614788e+04
5.993978708427846868e+03 5.114775738799223473e+04
5.996547190218627293e+03 5.102363468173030560e+04
5.999115713320032228e+03 5.092659440290837665e+04
6.001684277844095959e+03 4.957793975566714653e+04
6.004252883903048314e+03 4.904116285752181284e+04
6.006821531609328304e+03 4.890609670007069508e+04
6.009390221075575937e+03 4.811213772101910581e+04
6.011958952414634041e+03 4.761229592767727445e+04
6.014527725739550078e+03 4.740244482804709696e+04
6.017096541163573420e+03 4.764714905646042462e+04
6.019665398800158982e+03 4.676239517842333589e+04
6.022234298762961771e+03 4.660562260489114124e+04
6.024803241165844156e+03 4.653812006361482054e+04
6.027372226122867687e+03 4.596868749473241769e+04
6.029941253748299459e+03 4.562123254567898402e+04
6.032510324156610295e+03 4.544790247907548473e+04
6.035079437462472924e+03 4.555992925699465559e+04
6.037648593780764713e+03 4.494837288290045399e+04
6.040217793226564936e+03 4.462931741573671025e+04
6.042787035915157503e+03 4.456169670976315683e+04
6.045356321962029142e+03 4.421732694821384212e+04
6.047925651482870308e+03 4.414641047296068427e+04
6.050495024593572452e+03 4.392176501968145021e+04
6.053064441410235304e+03 4.338796020833910734e+04
6.055633902049155949e+03 4.318607565220000834e+04
6.058203406626838841e+03 4.273079253473784775e+04
6.060772955259992159e+03 4.298413607328531361e+04
6.063342548065523260e+03 4.237901517756795511e+04
6.065912185160546869e+03 4.275092514444497647e+04
6.068481866662379616e+03 4.234895789319073810e+04
6.071051592688540040e+03 4.246877389395309729e+04
6.073621363356753136e+03 4.230733007883188839e+04
6.076191178784945805e+03 4.194227433070451661e+04
6.078761039091245038e+03 4.203025340520890313e+04
6.081330944393987011e+03 4.195788365038684424e+04
6.083900894811707076e+03 4.182371836001451447e+04
6.086470890463144315e+03 4.187859076289895165e+04
6.089040931467244263e+03 4.218773035858062212e+04
6.091611017943150728e+03 4.226168842549077817e+04
6.094181150010215788e+03 4.307575917581266549e+04
6.096751327787989794e+03 4.337642552122046618e+04
6.099321551396233190e+03 4.439717029587593424e+04
6.101891820954901959e+03 4.665587525705861481e+04
6.104462136584161271e+03 4.872871888650763867e+04
6.107032498404376383e+03 5.456745035456041660e+04
6.109602906536118098e+03 6.311832932994338626e+04
6.112173361100158218e+03 7.077106479152097018e+04
6.114743862217475908e+03 7.137500597650706186e+04
6.117314410009246785e+03 6.510498015129487612e+04
6.119885004596857470e+03 5.771121914986883348e+04
6.122455646101892853e+03 5.233605284664910141e+04
6.125026334646141549e+03 4.883241636147521058e+04
6.127597070351597722e+03 4.685751526308433677e+04
6.130167853340459260e+03 4.539929519240459922e+04
6.132738683735122322e+03 4.405258100580428436e+04
6.135309561658192251e+03 4.334105856232744554e+04
6.137880487232475389e+03 4.312714819113229896e+04
6.140451460580979983e+03 4.269049968041940156e+04
6.143022481826919829e+03 4.255874691183005052e+04
6.145593551093711540e+03 4.266325882594447467e+04
6.148164668504973633e+03 4.199480794406410132e+04
6.150735834184530177e+03 4.247049136296042707e+04
6.153307048256405324e+03 4.337899480396670697e+04
6.155878310844831503e+03 4.360880977776693908e+04
6.158449622074239414e+03 4.503851176656821917e+04
6.161020982069266211e+03 4.645780647521938226e+04
6.163592390954750954e+03 4.558255792840892536e+04
6.166163848855736433e+03 4.203490637646369578e+04
6.168735355897469162e+03 3.876278990630434419e+04
6.171306912205398476e+03 3.763499835878433805e+04
6.173878517905177432e+03 3.650312628878989926e+04
6.176450173122660999e+03 3.635347997493243747e+04
6.179021877983909690e+03 3.549115241054594662e+04
6.181593632615185925e+03 3.502473779202651349e+04
6.184165437142955852e+03 3.519734720619431755e+04
6.186737291693889347e+03 3.479778691668340616e+04
6.189309196394857281e+03 3.439235236924552737e+04
6.191881151372937893e+03 3.427780297781391710e+04
6.194453156755409509e+03 3.432390029870701255e+04
6.197025212669754183e+03 3.390643361494359851e+04
6.199597319243659513e+03 3.391873694701654313e+04
6.202169476605015006e+03 3.432686475212863297e+04
6.204741684881910260e+03 3.398949282838872023e+04
6.207313944202644052e+03 3.370385441086586798e+04
6.209886254695715252e+03 3.323451628229015478e+04
6.212458616489825545e+03 3.304549968266442738e+04
6.215031029713882162e+03 3.285476974923503440e+04
6.217603494496992425e+03 3.267154555860658365e+04
6.220176010968471019e+03 3.248533394167993174e+04
6.222748579257831807e+03 3.222564659082047001e+04
6.225321199494796019e+03 3.218174531707044662e+04
6.227893871809284974e+03 3.221614505044780890e+04
6.230466596331423716e+03 3.215999103839664167e+04
6.233039373191544655e+03 3.222078175678730986e+04
6.235612202520176652e+03 3.219874967117187407e+04
6.238185084448056841e+03 3.248890668396282490e+04
6.240758019106124266e+03 3.192857427293949149e+04
6.243331006625523514e+03 3.192876848044433791e+04
6.245904047137596535e+03 3.157652290514994456e+04
6.248477140773895371e+03 2.970842754153850910e+04
6.251050287666171243e+03 3.119617267882870146e+04
6.253623487946380919e+03 3.105929479731289030e+04
6.256196741746681255e+03 3.159423397001118428e+04
6.258770049199436471e+03 3.167150568190248669e+04
6.261343410437211787e+03 3.178326584910596284e+04
6.263916825592777968e+03 3.174951200609836087e+04
6.266490294799104049e+03 3.134089777061192581e+04
6.269063818189368249e+03 3.136944039087948113e+04
6.271637395896947965e+03 3.088178363193008772e+04
6.274211028055426141e+03 3.012586549742128045e+04
6.276784714798589448e+03 2.952926831805736947e+04
6.279358456260425555e+03 2.906992455337326464e+04
6.281932252575126768e+03 2.931024240326409927e+04
6.284506103877089117e+03 2.983969691779284040e+04
6.287080010300913273e+03 3.010268603189332134e+04
6.289653971981397262e+03 2.957383546472801390e+04
6.292227989053550118e+03 2.926929015209903810e+04
6.294802061652579141e+03 2.943607715911701598e+04
6.297376189913898997e+03 2.984745279760445555e+04
6.299950373973120804e+03 3.047366726229929554e+04
6.302524613966067591e+03 3.065074062252634758e+04
6.305098910028758837e+03 3.133163885443233812e+04
6.307673262297422298e+03 3.135519493674125624e+04
6.310247670908484906e+03 3.148247060939378935e+04
6.312822135998580052e+03 3.067579407499414083e+04
6.315396657704541212e+03 2.956193033997772000e+04
6.317971236163410140e+03 2.852479965796338365e+04
6.320545871512426856e+03 2.786389517515237458e+04
6.323120563889036930e+03 2.730214877875537059e+04
6.325695313430890565e+03 2.721321933365826771e+04
6.328270120275838053e+03 2.704713513650084133e+04
6.330844984561935235e+03 2.721408758565314565e+04
6.333419906427441674e+03 2.673433765654192393e+04
6.335994886010818846e+03 2.696877950208605762e+04
6.338569923450731949e+03 2.656439843534608372e+04
6.341145018886050821e+03 2.642429157026919711e+04
6.343720172455845386e+03 2.639921290498691815e+04
6.346295384299392026e+03 2.610830187678122456e+04
6.348870654556169029e+03 2.618777728859669151e+04
6.351445983365860229e+03 2.602433820400636978e+04
6.354021370868347731e+03 2.620983088725019115e+04
6.356596817203722821e+03 2.636005212620648672e+04
6.359172322512276878e+03 2.601623096270279348e+04
6.361747886934504095e+03 2.595393799717042202e+04
6.364323510611104211e+03 2.564222473780998553e+04
6.366899193682977966e+03 2.565308287581184049e+04
6.369474936291231643e+03 2.547009683334138754e+04
6.372050738577172524e+03 2.513681212090949339e+04
6.374626600682314347e+03 2.548408053095193827e+04
6.377202522748370029e+03 2.541351126462144384e+04
6.379778504917260761e+03 2.515351475759355526e+04
6.382354547331106005e+03 2.546694862208954873e+04
6.384930650132231676e+03 2.522337337973331887e+04
6.387506813463167418e+03 2.465597019126696250e+04
6.390083037466642054e+03 2.453659362306751427e+04
6.392659322285594499e+03 2.433736541208222116e+04
6.395235668063160119e+03 2.440192046294594911e+04
6.397812074942681647e+03 2.386131953360051921e+04
6.400388543067705541e+03 2.429870977747270081e+04
6.402965072581977438e+03 2.434622170794444901e+04
6.405541663629452160e+03 2.421074946021990399e+04
6.408118316354282797e+03 2.323542172081464741e+04
6.410695030900827987e+03 2.291564962403755271e+04
6.413271807413649185e+03 2.276593119873647811e+04
6.415848646037511571e+03 2.279121755350350941e+04
6.418425546917384054e+03 2.208688458716308014e+04
6.421002510198438358e+03 2.220326179769082955e+04
6.423579536026048117e+03 2.222677622268285631e+04
6.426156624545792511e+03 2.186439883577028741e+04
6.428733775903454443e+03 2.188251331904611288e+04
6.431310990245016001e+03 2.181787920940518597e+04
6.433888267716667542e+03 2.190798659602839689e+04
6.436465608464799516e+03 2.287782903268908922e+04
6.439043012636007916e+03 2.339227266578475246e+04
6.441620480377090644e+03 2.298052311513387031e+04
6.444198011835048419e+03 2.218275349444555104e+04
6.446775607157085688e+03 2.163726324240376562e+04
6.449353266490613350e+03 2.178828525926048678e+04
6.451930989983240579e+03 2.168233371375715069e+04
6.454508777782783000e+03 2.174542466985135616e+04
6.457086630037258146e+03 2.164720862974305055e+04
6.459664546894888190e+03 2.208202030461851245e+04
6.462242528504097208e+03 2.234266214559019500e+04
6.464820575013514826e+03 2.226924492321391881e+04
6.467398686571969847e+03 2.166166239878316628e+04
6.469976863328500258e+03 2.132128925536209863e+04
6.472555105432340497e+03 2.102448437456969623e+04
6.475133413032936005e+03 2.035672470406147841e+04
6.477711786279927765e+03 2.021547530486348478e+04
6.480290225323165942e+03 2.022762613334068010e+04
6.482868730312701700e+03 1.996684883442392675e+04
6.485447301398789932e+03 1.965703842317250019e+04
6.488025938731886527e+03 1.948715316095589515e+04
6.490604642462654738e+03 1.961564944945614116e+04
6.493183412741960638e+03 1.970669288422619138e+04
6.495762249720868567e+03 2.003242287862716694e+04
6.498341153550652962e+03 2.018957393160966967e+04
6.500920124382786526e+03 2.066902406751090530e+04
6.503499162368948419e+03 2.166450829575862372e+04
6.506078267661019709e+03 2.058758517708368890e+04
6.508657440411083371e+03 2.001229950619304145e+04
6.511236680771428837e+03 1.948826410746384863e+04
6.513815988894546535e+03 1.878552828715908254e+04
6.516395364933132441e+03 1.823942680820893293e+04
6.518974809040084438e+03 1.848755747488124689e+04
6.521554321368501405e+03 1.849764279001402974e+04
6.524133902071688681e+03 1.846338793980375340e+04
6.526713551303155327e+03 1.866254529967020790e+04
6.529293269216612316e+03 1.905649099128623493e+04
6.531873055965972526e+03 1.869229827285773717e+04
6.534452911705355291e+03 1.889111699744193538e+04
6.537032836589080944e+03 1.871254032253331388e+04
6.539612830771674453e+03 1.846679234404003728e+04
6.542192894407862696e+03 1.807700255419934547e+04
6.544773027652578094e+03 1.817541187511666067e+04
6.547353230660954068e+03 1.808965662159400381e+04
6.549933503588328676e+03 1.803342480414850070e+04
6.552513846590243702e+03 1.824223261177161839e+04
6.555094259822441018e+03 1.801513424218999717e+04
6.557674743440871680e+03 1.751812433635275738e+04
6.560255297601684106e+03 1.690660831976176996e+04
6.562835922461234077e+03 1.634869524225908026e+04
6.565416618176077463e+03 1.649167304889362640e+04
6.567997384902977501e+03 1.687636036335791141e+04
6.570578222798896604e+03 1.690090558822457751e+04
6.573159132021004552e+03 1.681654257733051782e+04
6.575740112726670304e+03 1.742109898358615828e+04
6.578321165073468364e+03 1.782148925674985730e+04
6.580902289219176964e+03 1.759487481446591119e+04
6.583483485321777152e+03 1.708758562256428559e+04
6.586064753539452795e+03 1.653395119420344781e+04
6.588646094030590575e+03 1.616640092996876228e+04
6.591227506953782722e+03 1.649242998347341927e+04
6.593808992467822463e+03 1.611665134917652540e+04
6.596390550731708572e+03 1.651382379208687416e+04
6.598972181904640820e+03 1.643185862853178332e+04
6.601553886146022705e+03 1.639224648925290239e+04
6.604135663615463272e+03 1.658733005635006703e+04
6.606717514472772564e+03 1.632479882287347391e+04
6.609299438877964349e+03 1.624312339631255418e+04
6.611881436991256123e+03 1.561999071533718416e+04
6.614463508973070930e+03 1.579391820598064987e+04
6.617045654984029170e+03 1.579318230507112094e+04
6.619627875184960430e+03 1.575135989109054390e+04
6.622210169736894386e+03 1.588747075344638688e+04
6.624792538801066257e+03 1.608458099707902693e+04
6.627374982538913173e+03 1.591526652732880575e+04
6.629957501112075079e+03 1.573654342683564937e+04
6.632540094682395647e+03 1.561203934638173087e+04
6.635122763411924097e+03 1.558598167073333570e+04
6.637705507462909736e+03 1.564524566847939968e+04
6.640288326997806507e+03 1.524753746582672466e+04
6.642871222179272081e+03 1.529926658284965379e+04
6.645454193170166036e+03 1.498807333040972117e+04
6.648037240133554405e+03 1.500441827417285094e+04
6.650620363232703312e+03 1.503585042941243955e+04
6.653203562631081695e+03 1.495815895039815769e+04
6.655786838492365860e+03 1.481862460589330840e+04
6.658370190980433108e+03 1.478818573093316081e+04
6.660953620259360832e+03 1.466457540665022680e+04
6.663537126493437427e+03 1.487857430391188973e+04
6.666120709847145918e+03 1.458371932960798586e+04
6.668704370485180334e+03 1.469726737006734584e+04
6.671288108572432975e+03 1.461500386492867619e+04
6.673871924273998957e+03 1.467513830687693189e+04
6.676455817755182579e+03 1.463496086254157490e+04
6.679039789181484593e+03 1.455594943410911947e+04
6.681623838718613115e+03 1.461779547347124208e+04
6.684207966532479986e+03 1.424389438987530775e+04
6.686792172789197139e+03 1.436373009327205000e+04
6.689376457655082049e+03 1.446379775635403166e+04
6.691960821296655013e+03 1.418079222059267886e+04
6.694545263880640050e+03 1.422621036886923503e+04
6.697129785573964909e+03 1.410844905446128178e+04
6.699714386543758337e+03 1.429276920564959255e+04
6.702299066957355535e+03 1.409319531921254929e+04
6.704883826982291794e+03 1.450746340994118327e+04
6.707468666786309768e+03 1.484273425350875914e+04
6.710053586537351293e+03 1.487945543407240984e+04
6.712638586403565569e+03 1.437582395910039304e+04
6.715223666553300063e+03 1.411966380480367116e+04
6.717808827155108702e+03 1.410608500873378762e+04
6.720394068377750045e+03 1.394705705529844636e+04
6.722979390390184562e+03 1.399710081607476786e+04
6.725564793361573720e+03 1.387947335604660839e+04
6.728150277461285441e+03 1.391198114863326191e+04
6.730735842858890464e+03 1.370348809334042926e+04
6.733321489724163257e+03 1.342184157145097743e+04
6.735907218227077465e+03 1.335697906362940557e+04
6.738493028537816826e+03 1.343946789053186149e+04
6.741078920826762442e+03 1.317760965109891004e+04
6.743664895264502775e+03 1.306271649838544727e+04
6.746250952021826379e+03 1.319539996531391080e+04
6.748837091269727352e+03 1.305366534385394152e+04
6.751423313179402612e+03 1.303221223386135534e+04
6.754009617922252801e+03 1.275804774594105947e+04
6.756596005669880469e+03 1.296600475354566333e+04
6.759182476594093714e+03 1.284980490571427254e+04
6.761769030866900721e+03 1.271780789340193223e+04
6.764355668660517040e+03 1.280176163872387224e+04
6.766942390147357401e+03 1.260242706064656340e+04
6.769529195500042988e+03 1.272333472050575438e+04
6.772116084891396895e+03 1.263846233374256917e+04
6.774703058494445941e+03 1.230067593158893214e+04
6.777290116482419762e+03 1.243321273086455585e+04
6.779877259028750814e+03 1.217640362354099489e+04
6.782464486307078914e+03 1.250761314429277809e+04
6.785051798491240334e+03 1.219005279908624834e+04
6.787639195755280525e+03 1.238362504911826727e+04
6.790226678273445941e+03 1.221697056517061537e+04
6.792814246220186760e+03 1.226137868217820687e+04
6.795401899770154159e+03 1.213057209629914723e+04
6.797989639098206681e+03 1.195170199175380003e+04
6.800577464379404773e+03 1.202573945982263285e+04
6.803165375789009886e+03 1.237275141881596210e+04
6.805753373502489922e+03 1.219770049699548690e+04
6.808341457695512872e+03 1.247147786794572312e+04
6.810929628543954095e+03 1.183287482392085803e+04
6.813517886223889946e+03 1.199542051937435463e+04
6.816106230911598686e+03 1.190591278331954709e+04
6.818694662783564127e+03 1.187219874419506777e+04
6.821283182016473802e+03 1.173538064589191708e+04
6.823871788787216246e+03 1.158198234637541100e+04
6.826460483272885540e+03 1.200420027644331094e+04
6.829049265650777670e+03 1.229350573975044972e+04
6.831638136098391442e+03 1.242016653034254341e+04
6.834227094793432116e+03 1.204690660598523391e+04
6.836816141913803222e+03 1.188143825475050107e+04
6.839405277637616564e+03 1.134337862822843272e+04
6.841994502143184945e+03 1.146148082666076334e+04
6.844583815609024896e+03 1.121959648043971902e+04
6.847173218213855762e+03 1.135114546822137527e+04
6.849762710136599708e+03 1.122995982044986704e+04
6.852352291556384444e+03 1.100637140873733006e+04
6.854941962652539587e+03 1.097031064261424399e+04
6.857531723604596664e+03 1.090570164056994872e+04
6.860121574592292745e+03 1.116353423122042295e+04
6.862711515795568630e+03 1.188697865979610287e+04
6.865301547394565205e+03 1.135045225981579824e+04
6.867891669569630722e+03 9.052677410487951420e+03
6.870481882501313521e+03 7.589029368426919973e+03
6.873072186370366580e+03 7.928516581035829404e+03
6.875662581357746603e+03 8.448175050801663019e+03
6.878253067644613111e+03 9.239174668675090288e+03
6.880843645412327533e+03 1.031671643588928055e+04
6.883434314842458662e+03 1.030000754068671267e+04
6.886025076116774471e+03 9.604689639611095117e+03
6.888615929417247571e+03 9.572348504210875035e+03
6.891206874926054297e+03 9.432002302047039848e+03
6.893797912825575622e+03 9.317934641297682901e+03
6.896389043298391698e+03 9.266217051161929703e+03
6.898980266527290041e+03 1.004321664106005301e+04
6.901571582695260986e+03 9.646937769234406005e+03
6.904162991985495864e+03 9.487740788811895982e+03
6.906754494581391555e+03 9.672204095403023530e+03
6.909346090666545933e+03 9.630400518765149172e+03
6.911937780424765151e+03 9.928446464244119852e+03
6.914529564040051810e+03 1.003846208354696864e+04
6.917121441696617694e+03 9.928743628739133783e+03
6.919713413578872860e+03 9.938916408488972593e+03
6.922305479871434727e+03 1.006333037521253755e+04
6.924897640759124442e+03 1.021666923706165653e+04
6.927489896426962332e+03 9.851526376033409178e+03
6.930082247060174268e+03 9.805492692954439917e+03
6.932674692844191668e+03 9.405556288246531039e+03
6.935267233964644220e+03 1.008647994648164786e+04
6.937859870607370794e+03 9.948895475049370361e+03
6.940452602958408534e+03 9.683517322536374195e+03
6.943045431204001034e+03 9.402341149902376856e+03
6.945638355530594708e+03 9.585433099144061998e+03
6.948231376124836970e+03 9.991721987839055146e+03
6.950824493173581686e+03 1.004177785966536067e+04
6.953417706863885542e+03 9.656901982479259459e+03
6.956011017383005310e+03 9.553897299050104266e+03
6.958604424918405130e+03 9.412556451024145645e+03
6.961197929657751047e+03 9.264676885240511183e+03
6.963791531788911925e+03 9.704105739239999821e+03
6.966385231499959446e+03 9.803785951381645646e+03
6.968979028979170835e+03 9.953552182902170898e+03
6.971572924415024318e+03 9.939404111604539139e+03
6.974166917996201846e+03 9.719841465832696485e+03
6.976761009911590008e+03 9.807582888158125570e+03
6.979355200350278210e+03 1.018240397077568923e+04
6.981949489501557764e+03 9.809946651756627034e+03
6.984543877554925530e+03 9.365257296006690012e+03
6.987138364700080274e+03 9.483487151588858978e+03
6.989732951126923581e+03 9.166580442357962966e+03
6.992327637025561671e+03 9.210598399217618862e+03
6.994922422586303583e+03 9.327044370964864356e+03
6.997517307999662080e+03 9.022207820023329987e+03
7.000112293456351836e+03 9.384452498767699581e+03
7.002707379147293068e+03 9.202948649785512316e+03
7.005302565263606084e+03 9.039011654534684567e+03
7.007897851996620375e+03 9.223841008074001365e+03
7.010493239537860063e+03 9.323405655460819617e+03
7.013088728079060274e+03 9.207991371243926551e+03
7.015684317812156223e+03 8.789427438010789047e+03
7.018280008929286851e+03 8.925192166634846217e+03
7.020875801622793006e+03 9.141329376665007658e+03
7.023471696085222902e+03 8.916417373154872621e+03
7.026067692509323024e+03 8.884265097032919584e+03
7.028663791088047219e+03 8.747211166255199714e+03
7.031259992014549425e+03 9.267584181519761842e+03
7.033856295482190035e+03 9.737331503865232662e+03
7.036452701684529529e+03 9.169493882713921266e+03
7.039049210815335755e+03 8.906899122626380631e+03
7.041645823068574828e+03 9.049349878148448624e+03
7.044242538638420228e+03 9.184426937363476100e+03
7.046839357719249165e+03 9.094694975939153665e+03
7.049436280505636205e+03 9.086225227373270172e+03
7.052033307192366919e+03 8.930156338154354671e+03
7.054630437974425149e+03 8.679957601520663957e+03
7.057227673047000280e+03 8.941036985096334320e+03
7.059825012605484517e+03 8.957269211938333683e+03
7.062422456845473789e+03 8.864311761204133290e+03
7.065020005962764117e+03 9.353938982752435550e+03
7.067617660153360703e+03 9.409512692813696049e+03
7.070215419613466111e+03 9.405944253724110240e+03
7.072813284539491178e+03 9.494566842716591054e+03
7.075411255128046832e+03 9.341880712167143429e+03
7.078009331575949545e+03 8.730650169493217618e+03
7.080607514080215878e+03 8.544173396028349089e+03
7.083205802838068848e+03 8.702095138117838360e+03
7.085804198046935198e+03 8.761632321871191380e+03
7.088402699904441761e+03 9.312161508782741294e+03
7.091001308608420004e+03 9.506347080669323987e+03
7.093600024356906943e+03 9.302048540395797318e+03
7.096198847348139680e+03 8.594196719375055181e+03
7.098797777780559954e+03 8.592108654357334672e+03
7.101396815852815052e+03 8.552124299898488971e+03
7.103995961763750529e+03 8.480571591693400478e+03
7.106595215712421123e+03 8.363170603722710439e+03
7.109194577898079842e+03 8.561846466410283028e+03
7.111794048520186152e+03 8.363631829848640336e+03
7.114393627778401424e+03 8.062451901048251784e+03
7.116993315872591666e+03 8.109691045886052962e+03
7.119593113002823884e+03 8.712507429983181282e+03
7.122193019369371541e+03 9.003228608650404567e+03
7.124793035172708187e+03 8.835854845944511908e+03
7.127393160613513828e+03 8.800726682418451674e+03
7.129993395892668559e+03 8.089830913119758407e+03
7.132593741211258020e+03 8.141434835647025466e+03
7.135194196770570670e+03 8.075732089624053515e+03
7.137794762772098693e+03 7.930370373371682945e+03
7.140395439417536181e+03 7.888966992895528165e+03
7.142996226908782774e+03 7.857476878246704473e+03
7.145597125447939106e+03 7.947461987717618285e+03
7.148198135237309543e+03 8.672345077050094915e+03
7.150799256479403994e+03 8.620437220469164458e+03
7.153400489376933365e+03 7.928447224513452056e+03
7.156001834132812292e+03 7.772339972838263748e+03
7.158603290950159135e+03 7.767313869162816445e+03
7.161204860032295983e+03 7.584174451276098807e+03
7.163806541582747741e+03 7.475921616259804978e+03
7.166408335805243041e+03 7.185482552386685711e+03
7.169010242903710605e+03 6.703529751320265859e+03
7.171612263082290156e+03 6.733110238975344146e+03
7.174214396545315140e+03 6.574804713613205422e+03
7.176816643497330006e+03 6.199562711809670873e+03
7.179419004143078382e+03 6.332254183754948826e+03
7.182021478687509443e+03 6.293710676007377515e+03
7.184624067335773361e+03 5.839241864844753763e+03
7.187226770293225854e+03 5.535216812307039618e+03
7.189829587765424549e+03 6.134886296880170448e+03
7.192432519958131707e+03 6.041628737581389032e+03
7.195035567077311498e+03 5.992330166296125753e+03
7.197638729329130911e+03 6.053139980333121457e+03
7.200242006919963387e+03 5.983620366610241945e+03
7.202845400056383369e+03 6.203646427640204820e+03
7.205448908945168114e+03 6.311832944364007744e+03
7.208052533793299517e+03 6.358684540071550146e+03
7.210656274807961381e+03 6.714081141839902557e+03
7.213260132196542145e+03 7.082615136169330071e+03
7.215864106166633974e+03 6.983248121604362495e+03
7.218468196926030942e+03 7.008327452287163396e+03
7.221072404682730848e+03 6.987350165936193662e+03
7.223676729644934312e+03 6.918062897318259274e+03
7.226281172021048405e+03 7.019949795967832870e+03
7.228885732019678471e+03 6.961581498816462044e+03
7.231490409849637217e+03 6.492149172758739951e+03
7.234095205719939258e+03 5.987439297118831746e+03
7.236700119839801118e+03 6.280405615847168519e+03
7.239305152418644866e+03 7.655841810133979379e+03
7.241910303666096297e+03 7.602498184592660436e+03
7.244515573791981296e+03 7.762761488021891637e+03
7.247120963006333113e+03 7.637862382074773450e+03
7.249726471519384177e+03 6.597694855428730079e+03
7.252332099541574280e+03 6.150262791447192285e+03
7.254937847283541487e+03 6.085650401259331375e+03
7.257543714956134863e+03 6.414510673476378543e+03
7.260149702770399017e+03 6.383636596291869864e+03
7.262755810937585011e+03 6.346244419345188362e+03
7.265362039669149453e+03 6.053748629428747336e+03
7.267968389176747223e+03 6.242414959033505511e+03
7.270574859672241473e+03 6.644972493427779227e+03
7.273181451367696354e+03 6.295892021465228936e+03
7.275788164475379745e+03 7.209093765834261831e+03
7.278394999207761430e+03 6.941695084523589685e+03
7.281001955777517651e+03 6.224141830391228723e+03
7.283609034397524738e+03 7.145016635166111882e+03
7.286216235280864566e+03 7.391324097561535382e+03
7.288823558640820011e+03 6.167996781045411808e+03
7.291431004690881309e+03 5.685924720829973921e+03
7.294038573644736971e+03 6.214696917172893336e+03
7.296646265716282869e+03 6.838671237142383688e+03
7.299254081119614057e+03 6.729835796684476009e+03
7.301862020069035680e+03 6.215450976743889441e+03
7.304470082779049335e+03 6.431796355382281945e+03
7.307078269464362165e+03 6.465985132649359002e+03
7.309686580339886859e+03 6.182021246397854156e+03
7.312295015620737104e+03 6.226783210237166713e+03
7.314903575522229403e+03 7.068794778394518289e+03
7.317512260259885807e+03 7.479984781865170589e+03
7.320121070049430273e+03 6.600808525514266876e+03
7.322730005106789577e+03 6.600575051744635857e+03
7.325339065648095129e+03 6.840019774750222496e+03
7.327948251889682069e+03 7.087122031096193496e+03
7.330557564048086533e+03 7.107304585564073932e+03
7.333167002340049294e+03 6.553282980217067234e+03
7.335776566982515760e+03 6.398239846196075632e+03
7.338386258192631431e+03 7.219535499544613231e+03
7.340996076187749168e+03 8.255377005779848332e+03
7.343606021185421923e+03 8.039302464541598056e+03
7.346216093403407285e+03 6.695323204212099881e+03
7.348826293059665659e+03 6.265357753741613124e+03
7.351436620372362086e+03 6.552432574353628297e+03
7.354047075559863515e+03 6.441309310530265975e+03
7.356657658840739714e+03 6.350530629796716312e+03
7.359268370433765995e+03 6.701598880180971719e+03
7.361879210557918668e+03 6.710683956542326996e+03
7.364490179432379591e+03 6.467163315249731568e+03
7.367101277276531619e+03 6.674182580044458518e+03
7.369712504309963151e+03 7.478493823062597585e+03
7.372323860752463588e+03 7.184705744124847115e+03
7.374935346824027874e+03 6.432417677813541559e+03
7.377546962744852863e+03 6.458757296917568056e+03
7.380158708735340042e+03 6.463962286117346594e+03
7.382770585016090990e+03 6.496021356810500947e+03
7.385382591807914650e+03 6.533552779478393859e+03
7.387994729331821873e+03 6.192843232099854504e+03
7.390606997809026325e+03 6.505909030078687465e+03
7.393219397460944492e+03 6.868850604778510387e+03
7.395831928509198406e+03 6.494085837155857007e+03
7.398444591175610185e+03 6.476157185669916544e+03
7.401057385682206586e+03 7.009871165515873145e+03
7.403670312251220821e+03 7.088442791162471622e+03
7.406283371105084370e+03 6.790963601991466930e+03
7.408896562466435171e+03 6.189021017651740294e+03
7.411509886558114886e+03 6.210916629739757809e+03
7.414123343603163448e+03 6.265258988508106086e+03
7.416736933824832704e+03 6.115716114953693250e+03
7.419350657446570040e+03 6.318686968187287675e+03
7.421964514692030207e+03 6.359411495835573987e+03
7.424578505785069865e+03 6.194234551838354491e+03
7.427192630949749400e+03 6.160231019232946892e+03
7.429806890410333835e+03 6.447267298010412560e+03
7.432421284391288282e+03 6.411376726119560772e+03
7.435035813117284306e+03 6.179393441563302076e+03
7.437650476813195382e+03 6.589268663920389372e+03
7.440265275704097803e+03 6.600192377957261670e+03
7.442880210015273406e+03 6.408211477117701179e+03
7.445495279972203207e+03 6.184883122971047669e+03
7.448110485800577408e+03 6.078833113675834284e+03
7.450725827726284479e+03 6.421199349032395730e+03
7.453341305975418436e+03 6.224024966435896204e+03
7.455956920774275204e+03 6.115162468155914212e+03
7.458572672349355344e+03 6.165777962908833615e+03
7.461188560927364051e+03 6.097578944778800178e+03
7.463804586735206613e+03 6.260850675684213456e+03
7.466420749999993859e+03 6.205296544038096727e+03
7.469037050949038530e+03 6.141288532843958819e+03
7.471653489809859821e+03 6.528900487231825537e+03
7.474270066810174285e+03 6.429539686606974101e+03
7.476886782177907662e+03 1.198334848484847726e+03
