3.902507018649339898e+03 9.520980783268695458e-01
3.905059333153608804e+03 1.058606658622283536e+00
3.907611676305512447e+03 1.144333740361353824e+00
3.910164048012570674e+03 1.234967345785979775e+00
3.912716448182565273e+03 1.277148238048190443e+00
3.915268876723534959e+03 1.233431431535864764e+00
3.917821333543779019e+03 1.235938175049644094e+00
3.920373818551855493e+03 1.163998906823091817e+00
3.922926331656582988e+03 1.083777169186176392e+00
3.925478872767037501e+03 9.350018910895298019e-01
3.928031441792556052e+03 7.915602212002750271e-01
3.930584038642733503e+03 7.959937518539168533e-01
3.933136663227424833e+03 6.922536335557785137e-01
3.935689315456745135e+03 7.704948140661378453e-01
3.938241995241066888e+03 7.498071149002454305e-01
3.940794702491023600e+03 7.998238047912015203e-01
3.943347437117507525e+03 8.844744243752949986e-01
3.945900199031669672e+03 9.667178404012285453e-01
3.948452988144920710e+03 9.498403985707943864e-01
3.951005804368930967e+03 1.052257460813570855e+00
3.953558647615630434e+03 1.086080517602879825e+00
3.956111517797206943e+03 1.074995885720707367e+00
3.958664414826108896e+03 1.001153080647961602e+00
3.961217338615043900e+03 1.013278807103034751e+00
3.963770289076978315e+03 9.304209084006618280e-01
3.966323266125138161e+03 8.511915803067363617e-01
3.968876269673008665e+03 8.144006362728208881e-01
3.971429299634334711e+03 8.229493746389132669e-01
3.973982355923119940e+03 9.146164134251821842e-01
3.976535438453628103e+03 1.005574688637526082e+00
3.979088547140380797e+03 1.014445498298826909e+00
3.981641681898160641e+03 1.033484464167567562e+00
3.984194842642008553e+03 1.022392578007372377e+00
3.986748029287225108e+03 9.979540109544452475e-01
3.989301241749370547e+03 1.003875278069774168e+00
3.991854479944262948e+03 9.973336926516656042e-01
3.994407743787981417e+03 9.876269189088435763e-01
3.996961033196863809e+03 9.673137239609201909e-01
3.999514348087506733e+03 9.362770112205105466e-01
4.002067688376766910e+03 9.755066235542338982e-01
4.004621053981760269e+03 9.405373038305702149e-01
4.007174444819861037e+03 9.519284350097203529e-01
4.009727860808704008e+03 9.501323256025604458e-01
4.012281301866182730e+03 9.930120901306477288e-01
4.014834767910450410e+03 1.019081112066344774e+00
4.017388258859918551e+03 1.031518677228713043e+00
4.019941774633259683e+03 1.017232451584330732e+00
4.022495315149404178e+03 1.007122281591850799e+00
4.025048880327542065e+03 1.040665191230525366e+00
4.027602470087123038e+03 1.019433998618948456e+00
4.030156084347856449e+03 9.338305276916513131e-01
4.032709723029709494e+03 9.890808981043374137e-01
4.035263386052909937e+03 9.909568618678249452e-01
4.037817073337945203e+03 9.890559455264841260e-01
4.040370784805560106e+03 1.017834772754320882e+00
4.042924520376761393e+03 1.098986310093627239e+00
4.045478279972812743e+03 1.320872473829115989e+00
4.048032063515238860e+03 1.245469933368580584e+00
4.050585870925822746e+03 1.109482403147152851e+00
4.053139702126606608e+03 9.469890512152757678e-01
4.055693557039893221e+03 8.321127458379207198e-01
4.058247435588243661e+03 8.250347141746584567e-01
4.060801337694478207e+03 8.232775269888531477e-01
4.063355263281676798e+03 8.182222246294130752e-01
4.065909212273178582e+03 8.580957889661505744e-01
4.068463184592582365e+03 8.973661003909665368e-01
4.071017180163746161e+03 9.287924433910816902e-01
4.073571198910786279e+03 9.543587889716796946e-01
4.076125240758080054e+03 1.036244169001277582e+00
4.078679305630263116e+03 1.090560566206933313e+00
4.081233393452230303e+03 1.105266707710038210e+00
4.083787504149135657e+03 1.088342782880372672e+00
4.086341637646393792e+03 1.124307072132088248e+00
4.088895793869677163e+03 1.094730513710622910e+00
4.091449972744918341e+03 1.061027816762264875e+00
4.094004174198308647e+03 1.033179852578772095e+00
4.096558398156299518e+03 9.919687553363742971e-01
4.099112644545601142e+03 9.649973662334700997e-01
4.101666913293182915e+03 9.373937138806595071e-01
4.104221204326273437e+03 9.985936112978456292e-01
4.106775517572361423e+03 1.007130593727890266e+00
4.109329852959194795e+03 1.025707069043510611e+00
4.111884210414779773e+03 1.031934754593565318e+00
4.114438589867382689e+03 1.033463554486852676e+00
4.116992991245528174e+03 1.000557124446416202e+00
4.119547414478002793e+03 9.038241161588903561e-01
4.122101859493849588e+03 1.009622985320376198e+00
4.124656326222371717e+03 1.004209627079577727e+00
4.127210814593132454e+03 9.986814045584481159e-01
4.129765324535954278e+03 9.806073778676204222e-01
4.132319855980917964e+03 9.533282432029656084e-01
4.134874408858363495e+03 9.886720243625072291e-01
4.137428983098891877e+03 1.014459930782017905e+00
4.139983578633362413e+03 1.039240535569595947e+00
4.142538195392892703e+03 9.812949253777668579e-01
4.145092833308862282e+03 9.534689311955347746e-01
4.147647492312907161e+03 9.676126557366743208e-01
4.150202172336924377e+03 9.566500742415213754e-01
4.152756873313069264e+03 9.758798738362896019e-01
4.155311595173758178e+03 9.602034185647004838e-01
4.157866337851663957e+03 9.683725910978786544e-01
4.160421101279721370e+03 1.001673247232350628e+00
4.162975885391124393e+03 1.017345659833744032e+00
4.165530690119323481e+03 1.025088171894076083e+00
4.168085515398031930e+03 9.988235470020395690e-01
4.170640361161220426e+03 9.971064117170486130e-01
4.173195227343119768e+03 9.712352214531119188e-01
4.175750113878218144e+03 9.747218376522893690e-01
4.178305020701265676e+03 9.713269758151955591e-01
4.180859947747270780e+03 9.782518578549709298e-01
4.183414894951501083e+03 9.934025151751891825e-01
4.185969862249483413e+03 1.000043284224146456e+00
4.188524849577003806e+03 9.822033915274375193e-01
4.191079856870108415e+03 1.013774370137173753e+00
4.193634884065100778e+03 1.016074250027815040e+00
4.196189931098546367e+03 1.006132686370323270e+00
4.198744997907268043e+03 9.645488038507830098e-01
4.201300084428349692e+03 9.516293500903747482e-01
4.203855190599132584e+03 1.007792708336459064e+00
4.206410316357217198e+03 1.031950873839430072e+00
4.208965461640466856e+03 1.053402018735595025e+00
4.211520626386999538e+03 1.034257221443123376e+00
4.214075810535195160e+03 1.085082501546835498e+00
4.216631014023691932e+03 1.052396958238077884e+00
4.219186236791389092e+03 1.055415602973509115e+00
4.221741478777444172e+03 1.050505925321034040e+00
4.224296739921272092e+03 1.008118444685361492e+00
4.226852020162549707e+03 9.328080231934759992e-01
4.229407319441213076e+03 9.988032612367708785e-01
4.231962637697455648e+03 1.042867682480905556e+00
4.234517974871730985e+03 1.027545372966583104e+00
4.237073330904753675e+03 1.018470996934528916e+00
4.239628705737495693e+03 1.011693060252261356e+00
4.242184099311189129e+03 1.108306389082872156e+00
4.244739511567324371e+03 1.050604575595589063e+00
4.247294942447652829e+03 1.027565218705086325e+00
4.249850391894183304e+03 9.392326965156415630e-01
4.252405859849185617e+03 9.702036021139837096e-01
4.254961346255187891e+03 9.859418116498182005e-01
4.257516851054978360e+03 9.825865257704496925e-01
4.260072374191602648e+03 9.911045517787062664e-01
4.262627915608369221e+03 9.783543629696923594e-01
4.265183475248842115e+03 1.004747583974275882e+00
4.267739053056846387e+03 9.853478509068748226e-01
4.270294648976467215e+03 9.152741353227014098e-01
4.272850262952048070e+03 9.151322162259867277e-01
4.275405894928190719e+03 9.766148020147913389e-01
4.277961544849758866e+03 1.019745918067181290e+00
4.280517212661873600e+03 1.050122627742122061e+00
4.283072898309915217e+03 1.076834744000335631e+00
4.285628601739524129e+03 1.045536906276432143e+00
4.288184322896600861e+03 1.039302041450481218e+00
4.290740061727302418e+03 1.051745530163410436e+00
4.293295818178047739e+03 1.039762535198283766e+00
4.295851592195514968e+03 1.076541415127823864e+00
4.298407383726640546e+03 1.021928481873301653e+00
4.300963192718619212e+03 9.831632785314762257e-01
4.303519019118907636e+03 9.978836650760821714e-01
4.306074862875220788e+03 9.992278040658264526e-01
4.308630723935531933e+03 9.918515402332765962e-01
4.311186602248073541e+03 1.016730883914547023e+00
4.313742497761340928e+03 1.111671462755365436e+00
4.316298410424083158e+03 1.202316441777807388e+00
4.318854340185313049e+03 1.236206802112048697e+00
4.321410286994299895e+03 1.164876467179503994e+00
4.323966250800575835e+03 1.053235111785580269e+00
4.326522231553927668e+03 1.002144132732976090e+00
4.329078229204405034e+03 1.082995283176619417e+00
4.331634243702315871e+03 1.070666734298941547e+00
4.334190274998227324e+03 1.037597800549076243e+00
4.336746323042965741e+03 9.853358493412786023e-01
4.339302387787615771e+03 9.126014316162621709e-01
4.341858469183523994e+03 8.793598231592602010e-01
4.344414567182294377e+03 9.294092880324890116e-01
4.346970681735791004e+03 9.721252438621185155e-01
4.349526812796135346e+03 9.636820227897400226e-01
4.352082960315710807e+03 9.355519427553548040e-01
4.354639124247159998e+03 9.544803054543999909e-01
4.357195304543382008e+03 1.981548207988168109e+00
4.359751501157537859e+03 2.714930397019700514e+00
4.362307714043047781e+03 1.648841134606957137e+00
4.364863943153590299e+03 1.025168984317144982e+00
4.367420188443103143e+03 9.784893711879416589e-01
4.369976449865784161e+03 9.441302833572637887e-01
4.372532727376089497e+03 9.328745166324967641e-01
4.375089020928736318e+03 9.178455503632618750e-01
4.377645330478700089e+03 9.126356265795558809e-01
4.380201655981215481e+03 9.530043897075392012e-01
4.382757997391775461e+03 8.801764576664419248e-01
4.385314354666134932e+03 8.681345558196910117e-01
4.387870727760306181e+03 9.131397762361073145e-01
4.390427116630560704e+03 9.471497744154611098e-01
4.392983521233430110e+03 9.769267148193224726e-01
4.395539941525705217e+03 9.804067860052176897e-01
4.398096377464436046e+03 1.009459365538149189e+00
4.400652829006931825e+03 9.958602800672875510e-01
4.403209296110760988e+03 9.739176136592736510e-01
4.405765778733751176e+03 9.844866980989094296e-01
4.408322276833991054e+03 1.001158903414565371e+00
4.410878790369824856e+03 1.032273173094374830e+00
4.413435319299860566e+03 1.054679803890572698e+00
4.415991863582961741e+03 1.029132485552397558e+00
4.418548423178253870e+03 1.040834242905605223e+00
4.421104998045120738e+03 1.042440947123179251e+00
4.423661588143204426e+03 1.035604429388435888e+00
4.426218193432408953e+03 1.030236996984983833e+00
4.428774813872894811e+03 1.024926113043130638e+00
4.431331449425083520e+03 1.002489840117840147e+00
4.433888100049654895e+03 1.004364477597840644e+00
4.436444765707549777e+03 1.030485723756024985e+00
4.439001446359965485e+03 1.024794505707911085e+00
4.441558141968362179e+03 1.005669342761508656e+00
4.444114852494456500e+03 9.912305468209339221e-01
4.446671577900225202e+03 9.984479433932118564e-01
4.449228318147905156e+03 9.857476776754555692e-01
4.451785073199990620e+03 9.803784842171239244e-01
4.454341843019237785e+03 9.877273710319902644e-01
4.456898627568661141e+03 9.842731469926904175e-01
4.459455426811532561e+03 9.635294752284441211e-01
4.462012240711386767e+03 9.661366688163033345e-01
4.464569069232014044e+03 9.813502820835190432e-01
4.467125912337466616e+03 9.884526427779979363e-01
4.469682769992055910e+03 9.979254516219195903e-01
4.472239642160350741e+03 1.007510348322148808e+00
4.474796528807181858e+03 1.011022319615060283e+00
4.477353429897636488e+03 1.006707664704137528e+00
4.479910345397063793e+03 9.926743858991077252e-01
4.482467275271070321e+03 9.801673274802862323e-01
4.485024219485523645e+03 9.941426649614015787e-01
4.487581178006548726e+03 1.003618575807698976e+00
4.490138150800530639e+03 9.868104648503915888e-01
4.492695137834115485e+03 9.868207599094310778e-01
4.495252139074205843e+03 9.866374743533886660e-01
4.497809154487964406e+03 9.939169697721802477e-01
4.500366184042815803e+03 1.010150108383683243e+00
4.502923227706440230e+03 1.020695992045129952e+00
4.505480285446778907e+03 1.029353258422035067e+00
4.508037357232033173e+03 1.027830759477912803e+00
4.510594443030661751e+03 1.022043604000717032e+00
4.513151542811383479e+03 1.024387735525892351e+00
4.515708656543178222e+03 1.031977759496852665e+00
4.518265784195283231e+03 1.025676975682765724e+00
4.520822925737194964e+03 1.011736482789998393e+00
4.523380081138669993e+03 9.956720532383019906e-01
4.525937250369724097e+03 9.605558979602289993e-01
4.528494433400631351e+03 9.510204412439505761e-01
4.531051630201927765e+03 9.588328460587568491e-01
4.533608840744404915e+03 9.742338486453380186e-01
4.536166064999117225e+03 9.848344063009764060e-01
4.538723302937377412e+03 1.010058900445048646e+00
4.541280554530754671e+03 1.004616730269789260e+00
4.543837819751081952e+03 9.992341929264566547e-01
4.546395098570448681e+03 1.004289828009705454e+00
4.548952390961203491e+03 9.847417435914803674e-01
4.551509696895956949e+03 9.743973737923907752e-01
4.554067016347575191e+03 1.000418305797869722e+00
4.556624349289188103e+03 1.004595287988960139e+00
4.559181695694180235e+03 1.005547538125117990e+00
4.561739055536198066e+03 1.033837077016153128e+00
4.564296428789147285e+03 1.004220987732087789e+00
4.566853815427191876e+03 9.879163332983401657e-01
4.569411215424757756e+03 1.001606035784108784e+00
4.571968628756525504e+03 9.958112406435378761e-01
4.574526055397440359e+03 1.003272711494231029e+00
4.577083495322702220e+03 9.975001002936219052e-01
4.579640948507772919e+03 9.938326692931366280e-01
4.582198414928374405e+03 9.887563860121543202e-01
4.584755894560484194e+03 9.879695397620521513e-01
4.587313387380342647e+03 1.000701318174570309e+00
4.589870893364448420e+03 1.012274185274880889e+00
4.592428412489559378e+03 1.009563646959050764e+00
4.594985944732691678e+03 9.854955145112036519e-01
4.597543490071122505e+03 9.679391622060653511e-01
4.600101048482388251e+03 9.810803429452139568e-01
4.602658619944282691e+03 9.815972019922797331e-01
4.605216204434860629e+03 9.863295717377278393e-01
4.607773801932436072e+03 1.001951612041826589e+00
4.610331412415581326e+03 1.020276846792463221e+00
4.612889035863129720e+03 1.004337230913996848e+00
4.615446672254171972e+03 1.006359050590732940e+00
4.618004321568059822e+03 9.963737148905000840e-01
4.620561983784402400e+03 9.995907658138987184e-01
4.623119658883069860e+03 1.010338920860426981e+00
4.625677346844191561e+03 1.017412633340905481e+00
4.628235047648155160e+03 1.021646592531085806e+00
4.630792761275608427e+03 1.016256865510548613e+00
4.633350487707458342e+03 1.017657285235531228e+00
4.635908226924870178e+03 1.012454388054301324e+00
4.638465978909270234e+03 9.963914232958321904e-01
4.641023743642343106e+03 1.002728855571627831e+00
4.643581521106032596e+03 1.000629176772272366e+00
4.646139311282541712e+03 9.907623070375110030e-01
4.648697114154333576e+03 9.900998405965634186e-01
4.651254929704131428e+03 1.010595454977062380e+00
4.653812757914914982e+03 1.020416342640944274e+00
4.656370598769924982e+03 1.028317252999992659e+00
4.658928452252661373e+03 1.030843374467941720e+00
4.661486318346884218e+03 1.025138702119693823e+00
4.664044197036611877e+03 9.953528949822274541e-01
4.666602088306121914e+03 9.895268263609365844e-01
4.669159992139952010e+03 9.874272007055135969e-01
4.671717908522898142e+03 1.014512185869158589e+00
4.674275837440016403e+03 1.018122797651771938e+00
4.676833778876622091e+03 1.012983081305709909e+00
4.679391732818288801e+03 9.846467933396919614e-01
4.681949699250851154e+03 9.824349429564409597e-01
4.684507678160402065e+03 9.909718434295627931e-01
4.687065669533294567e+03 9.911214323425363570e-01
4.689623673356139079e+03 9.868387149022288529e-01
4.692181689615807045e+03 9.771697046838111467e-01
4.694739718299430024e+03 9.742007795077052279e-01
4.697297759394396053e+03 9.749247020487800119e-01
4.699855812888354194e+03 9.597481775620461120e-01
4.702413878769213625e+03 9.502240436744771035e-01
4.704971957025141819e+03 9.506993546706853371e-01
4.707530047644566366e+03 9.799165934166685910e-01
4.710088150616171333e+03 9.749471434338631282e-01
4.712646265928903631e+03 1.003845936672121963e+00
4.715204393571968467e+03 1.004270622970418358e+00
4.717762533534829345e+03 1.034032799461801044e+00
4.720320685807209884e+03 1.033390145427859563e+00
4.722878850379092910e+03 1.014859609395784901e+00
4.725437027240720454e+03 1.011440119198650622e+00
4.727995216382594663e+03 9.713021904457672662e-01
4.730553417795475070e+03 9.653501841154223939e-01
4.733111631470382235e+03 9.759291170957455908e-01
4.735669857398595923e+03 9.915388287561367475e-01
4.738228095571654194e+03 9.937941179745448661e-01
4.740786345981355225e+03 1.004576961194736828e+00
4.743344608619756400e+03 1.007258755814894435e+00
4.745902883479174307e+03 1.011679240103653177e+00
4.748461170552184740e+03 1.014290121729822802e+00
4.751019469831623610e+03 1.012582828470566465e+00
4.753577781310585124e+03 1.016856662549736168e+00
4.756136104982421784e+03 1.011473957631007448e+00
4.758694440840748939e+03 9.912664280616838575e-01
4.761252788879437503e+03 9.762205443483262801e-01
4.763811149092620326e+03 9.695112941173235077e-01
4.766369521474688554e+03 9.826624485267866360e-01
4.768927906020291630e+03 9.791738604244576427e-01
4.771486302724339112e+03 9.992685462318088296e-01
4.774044711582001582e+03 9.964830100082598952e-01
4.776603132588707012e+03 1.017052041960943232e+00
4.779161565740141668e+03 9.945997844973056834e-01
4.781720011032254661e+03 9.978936708556743751e-01
4.784278468461250668e+03 1.020929714702895508e+00
4.786836938023595394e+03 1.006642945293356295e+00
4.789395419716014658e+03 9.984104476085893243e-01
4.791953913535492575e+03 1.003856351673911851e+00
4.794512419479272467e+03 1.009727332980331571e+00
4.797070937544856861e+03 1.002962386335225498e+00
4.799629467730008400e+03 9.988197385482096013e-01
4.802188010032748934e+03 9.879069612186160976e-01
4.804746564451358608e+03 9.790217435126072898e-01
4.807305130984377683e+03 9.796634877182590628e-01
4.809863709630606536e+03 9.815637528515394061e-01
4.812422300389102020e+03 1.000739956432710853e+00
4.814980903259183833e+03 9.938355286453763870e-01
4.817539518240429061e+03 1.004818975689395266e+00
4.820098145332673994e+03 1.022457199166183939e+00
4.822656784536015039e+03 1.020250191953398833e+00
4.825215435850806898e+03 1.020576515921732375e+00
4.827774099277665300e+03 1.003722510882079311e+00
4.830332774817463360e+03 9.932698297026408829e-01
4.832891462471334307e+03 9.898681294314578549e-01
4.835450162240671489e+03 1.011963089210042632e+00
4.838008874127126546e+03 1.007254377219081176e+00
4.840567598132609419e+03 1.001905074926108696e+00
4.843126334259292889e+03 1.012818307624061998e+00
4.845685082509604399e+03 1.016187556945849613e+00
4.848243842886235143e+03 1.026295452493725779e+00
4.850802615392132793e+03 1.017043405118944088e+00
4.853361400030505138e+03 1.002869424289692946e+00
4.855920196804819170e+03 9.764860670162880396e-01
4.858479005718801091e+03 9.652389424747563895e-01
4.861037826776437214e+03 9.382013853381645507e-01
4.863596659981972152e+03 9.489278703193184672e-01
4.866155505339909723e+03 1.001472356273302999e+00
4.868714362855014770e+03 1.021279707168440520e+00
4.871273232532310431e+03 1.027859914038969480e+00
4.873832114377077232e+03 1.032140533802467841e+00
4.876391008394858545e+03 1.061065351812204849e+00
4.878949914591454217e+03 1.076694194668709637e+00
4.881508832972925120e+03 1.070955574958652567e+00
4.884067763545590424e+03 1.052322426051408799e+00
4.886626706316028503e+03 1.028500844115519453e+00
4.889185661291078759e+03 1.042562783133318627e+00
4.891744628477837978e+03 1.057649754129167619e+00
4.894303607883663062e+03 1.091274983048854619e+00
4.896862599516170121e+03 1.095294273823714581e+00
4.899421603383234469e+03 1.088201080652304809e+00
4.901980619492990627e+03 1.077176496959294072e+00
4.904539647853833230e+03 1.061181776581397118e+00
4.907098688474415212e+03 1.055474191428148245e+00
4.909657741363649620e+03 1.043872715906469795e+00
4.912216806530708709e+03 1.021893298855853116e+00
4.914775883985022119e+03 1.020357081725868253e+00
4.917334973736282336e+03 1.019312376692370403e+00
4.919894075794438322e+03 9.704063250559306075e-01
4.922453190169700065e+03 9.856543926929413058e-01
4.925012316872535848e+03 1.027184835360493320e+00
4.927571455913673162e+03 1.037459831034441615e+00
4.930130607304098703e+03 1.021168273801709603e+00
4.932689771055060191e+03 9.973079389651845483e-01
4.935248947178063645e+03 9.786454872109510150e-01
4.937808135684872468e+03 9.785210708593177209e-01
4.940367336587512909e+03 9.816777677526543622e-01
4.942926549898267695e+03 1.007661892532190961e+00
4.945485775629679665e+03 9.936424695409833419e-01
4.948045013794551778e+03 9.873345936186381788e-01
4.950604264405946196e+03 9.693420540722884615e-01
4.953163527477183379e+03 9.537129910874150296e-01
4.955722803021842992e+03 9.386305148857255753e-01
4.958282091053765726e+03 9.237889360046995790e-01
4.960841391587049657e+03 9.305473150945571259e-01
4.963400704636053888e+03 9.426442641465073713e-01
4.965960030215395818e+03 9.415738163707294550e-01
4.968519368339952052e+03 9.418028598970945575e-01
4.971078719024859311e+03 9.634374879569378436e-01
4.973638082285511700e+03 9.779256553853938883e-01
4.976197458137565263e+03 9.903695843058074599e-01
4.978756846596934338e+03 1.012111115884287482e+00
4.981316247679792468e+03 1.049462587896392352e+00
4.983875661402571495e+03 1.069708748253115793e+00
4.986435087781963375e+03 1.084446987764389858e+00
4.988994526834921089e+03 1.058266019575037964e+00
4.991553978578653187e+03 1.015953883680587921e+00
4.994113443030631970e+03 9.786021112445769665e-01
4.996672920208585310e+03 9.583219081055129873e-01
4.999232410130502103e+03 9.365906352940792656e-01
5.001791912814630450e+03 9.504916101001579243e-01
5.004351428279477659e+03 9.503443666859849870e-01
5.006910956543810244e+03 9.350546831017984006e-01
5.009470497626653923e+03 9.364976502091132415e-01
5.012030051547294534e+03 9.181509915014535173e-01
5.014589618325276206e+03 9.203021803410897927e-01
5.017149197980403187e+03 9.289102456585829337e-01
5.019708790532737112e+03 9.447639099863401890e-01
5.022268396002602458e+03 9.661479098662795195e-01
5.024828014410580181e+03 9.870798729298345675e-01
5.027387645777511352e+03 1.007924932181343936e+00
5.029947290124496249e+03 1.003374580921735149e+00
5.032506947472894353e+03 1.010000416779279320e+00
5.035066617844326174e+03 9.928640541699644828e-01
5.037626301260667788e+03 9.819529274047340550e-01
5.040185997744059023e+03 9.978571707668304480e-01
5.042745707316895277e+03 1.023675420793709101e+00
5.045305430001833884e+03 1.035279704741191908e+00
5.047865165821789560e+03 1.037200173844179396e+00
5.050424914799938961e+03 1.042026843439563200e+00
5.052984676959714307e+03 1.060658203858158455e+00
5.055544452324809754e+03 1.063587789305473486e+00
5.058104240919178665e+03 1.060451630766774178e+00
5.060664042767033607e+03 1.037996045975932979e+00
5.063223857892844535e+03 1.037794366977426552e+00
5.065783686321343339e+03 1.026041917166209627e+00
5.068343528077519295e+03 1.009543681320833164e+00
5.070903383186623614e+03 1.007452807900367286e+00
5.073463251674163075e+03 1.002624536105618080e+00
5.076023133565907301e+03 9.950466942277914617e-01
5.078583028887882392e+03 9.861750622774650976e-01
5.081142937666375474e+03 9.744757201733261764e-01
5.083702859927932877e+03 1.002472753228971003e+00
5.086262795699359231e+03 1.019747264635285866e+00
5.088822745007720187e+03 1.015948395682870098e+00
5.091382707880338785e+03 1.011602268611384803e+00
5.093942684344798181e+03 9.992019225455287534e-01
5.096502674428942555e+03 9.940085968032106312e-01
5.099062678160871656e+03 9.652855566437433810e-01
5.101622695568948075e+03 9.684857519426740557e-01
5.104182726681791792e+03 9.785490760934252297e-01
5.106742771528282901e+03 9.918474623419307745e-01
5.109302830137559795e+03 1.015999690974214609e+00
5.111862902539021889e+03 1.014294209037670758e+00
5.114422988762326895e+03 1.025631957611406131e+00
5.116983088837390824e+03 1.031685627436696562e+00
5.119543202794391618e+03 1.011053979133271774e+00
5.122103330663763700e+03 9.830702043889069097e-01
5.124663472476202514e+03 9.896495259971200831e-01
5.127223628262661805e+03 9.874832660427328435e-01
5.129783798054357248e+03 1.016917964773072836e+00
5.132343981882759181e+03 1.012036310829298680e+00
5.134904179779601691e+03 1.018076082909539215e+00
5.137464391776875345e+03 1.016089959537568310e+00
5.140024617906831736e+03 1.004353778833872335e+00
5.142584858201980751e+03 1.000654490862946222e+00
5.145145112695091484e+03 1.006769554913022668e+00
5.147705381419194055e+03 1.026702533319442612e+00
5.150265664407575059e+03 1.070680450236103365e+00
5.152825961693783029e+03 1.116491974869747716e+00
5.155386273311624791e+03 1.126053215295792720e+00
5.157946599295166379e+03 1.091601243228920382e+00
5.160506939678732124e+03 1.031779880431241248e+00
5.163067294496907380e+03 9.671602320008514386e-01
5.165627663784536708e+03 9.088777427037775247e-01
5.168188047576722965e+03 8.822500034665183843e-01
5.170748445908830035e+03 9.067661033359777356e-01
5.173308858816477368e+03 9.304571651353635842e-01
5.175869286335548168e+03 9.481528814166796382e-01
5.178429728502182115e+03 9.604998547910645890e-01
5.180990185352780827e+03 9.541970235841733539e-01
5.183550656924000577e+03 9.440972873098697482e-01
5.186111143252763213e+03 9.592012564408028963e-01
5.188671644376243421e+03 1.011830181385672933e+00
5.191232160331881460e+03 1.009606925875084604e+00
5.193792691157371337e+03 1.013485853965042205e+00
5.196353236890669905e+03 1.014426751650031377e+00
5.198913797569992312e+03 1.012212123140965536e+00
5.201474373233812912e+03 1.000038924623149361e+00
5.204034963920865266e+03 9.853492937666404883e-01
5.206595569670142140e+03 9.703239478020559972e-01
5.209156190520896416e+03 9.878577659051923643e-01
5.211716826512640182e+03 1.016410646462195810e+00
5.214277477685143822e+03 1.033200468347024170e+00
5.216838144078437836e+03 1.014327796167862950e+00
5.219398825732811019e+03 9.972203439891028642e-01
5.221959522688813195e+03 1.001077978819051584e+00
5.224520234987252479e+03 9.980227080665211581e-01
5.227080962669197106e+03 9.847473169325126063e-01
5.229641705775972696e+03 9.999880049577504204e-01
5.232202464349165894e+03 1.012024645509443044e+00
5.234763238430621641e+03 1.014138268696698653e+00
5.237324028062446814e+03 1.035184509128568520e+00
5.239884833287002948e+03 1.036160419224772644e+00
5.242445654146915331e+03 1.023726722344420859e+00
5.245006490685064819e+03 1.017956033129412630e+00
5.247567342944596021e+03 1.012946808523602416e+00
5.250128210968908206e+03 1.013288820475745977e+00
5.252689094801663487e+03 1.016560684793971880e+00
5.255249994486781361e+03 1.018250486798709442e+00
5.257810910068440535e+03 1.008893677706110603e+00
5.260371841591079829e+03 9.824072218818742375e-01
5.262932789099398178e+03 9.742655457675957198e-01
5.265493752638351907e+03 9.719459335511265730e-01
5.268054732253157454e+03 9.773407425608340304e-01
5.270615727989292282e+03 1.022274235661098984e+00
5.273176739892489422e+03 1.027759387833740989e+00
5.275737768008744752e+03 1.017396211081766033e+00
5.278298812384311532e+03 1.017344308022234411e+00
5.280859873065703141e+03 1.024852730752500829e+00
5.283420950099692163e+03 1.025782678706177231e+00
5.285982043533310389e+03 1.031126415064964830e+00
5.288543153413847904e+03 1.041966792435962574e+00
5.291104279788856729e+03 1.025526626421352283e+00
5.293665422706146273e+03 1.004252041850144161e+00
5.296226582213784241e+03 9.964419642133804933e-01
5.298787758360100270e+03 9.960870169611684144e-01
5.301348951193681387e+03 1.007340182456679445e+00
5.303910160763374734e+03 1.012011113716522637e+00
5.306471387118286657e+03 1.011523103853458450e+00
5.309032630307781801e+03 1.005273712774537476e+00
5.311593890381487654e+03 9.834102950968577339e-01
5.314155167389285452e+03 9.574656569426032160e-01
5.316716461381320187e+03 9.313092403141598474e-01
5.319277772407995144e+03 9.065973612938337256e-01
5.321839100519970998e+03 8.787859777694365659e-01
5.324400445768171267e+03 8.563889303377600903e-01
5.326961808203774126e+03 8.478740024053855739e-01
5.329523187878222416e+03 8.535996436743392701e-01
5.332084584843213634e+03 8.701515175781001643e-01
5.334645999150707212e+03 8.741720012359532888e-01
5.337207430852920879e+03 8.650281802789655528e-01
5.339768880002333390e+03 8.585522786297937747e-01
5.342330346651679065e+03 8.719392362723921153e-01
5.344891830853955071e+03 9.195628009645806511e-01
5.347453332662416869e+03 9.991518205134731767e-01
5.350014852130580039e+03 1.007182193246786372e+00
5.352576389312215724e+03 9.824667159977763520e-01
5.355137944261359735e+03 1.039334372567847220e+00
5.357699517032303447e+03 1.046516263016427084e+00
5.360261107679599263e+03 1.030071330555520470e+00
5.362822716258057881e+03 1.004498140085402058e+00
5.365384342822750114e+03 9.809100474983575291e-01
5.367945987429005982e+03 9.775463755978475167e-01
5.370507650132412891e+03 9.709126743286841110e-01
5.373069330988822003e+03 9.845344216838224360e-01
5.375631030054339135e+03 1.007818085403731967e+00
5.378192747385332041e+03 1.015320189010763707e+00
5.380754483038426770e+03 1.017528881350874492e+00
5.383316237070510397e+03 1.022772366837637836e+00
5.385878009538725564e+03 1.024038690013397090e+00
5.388439800500478668e+03 1.005278988904262816e+00
5.391001610013430764e+03 9.788147179500539252e-01
5.393563438135508477e+03 9.811109953109609094e-01
5.396125284924890366e+03 9.898521282657329889e-01
5.398687150440020559e+03 9.894715354044618660e-01
5.401249034739599665e+03 9.848482056399635587e-01
5.403810937882585677e+03 9.838877072383200861e-01
5.406372859928201251e+03 9.784921680550422440e-01
5.408934800935922794e+03 1.003203574175154156e+00
5.411496760965489557e+03 1.026391238815893114e+00
5.414058740076898175e+03 1.079515315149402799e+00
5.416620738330406311e+03 1.103281928939702672e+00
5.419182755786530834e+03 1.101792948732272404e+00
5.421744792506044178e+03 1.087853825396899454e+00
5.424306848549984352e+03 1.046523960522558028e+00
5.426868923979643114e+03 1.016858716290632847e+00
5.429431018856575065e+03 9.872096535166935416e-01
5.431993133242591284e+03 9.793041578918381118e-01
5.434555267199766604e+03 9.769256341549182876e-01
5.437117420790428696e+03 9.833671187046040263e-01
5.439679594077170805e+03 9.775710079432083921e-01
5.442241787122841743e+03 9.657145374312948727e-01
5.444803999990551347e+03 9.389575545563916270e-01
5.447366232743667751e+03 9.270055628797693181e-01
5.449928485445818296e+03 9.223179916194107486e-01
5.452490758160891346e+03 9.299311316870503275e-01
5.455053050953031743e+03 9.285907010177036902e-01
5.457615363886646264e+03 1.056688205869832808e+00
5.460177697026399983e+03 1.579597367109419448e+00
5.462740050437218088e+03 1.629970693076346011e+00
5.465302424184283154e+03 1.160177496484825266e+00
5.467864818333037874e+03 9.485656794596400987e-01
5.470427232949185054e+03 9.327171527538968832e-01
5.472989668098687616e+03 9.129338075650331730e-01
5.475552123847764960e+03 9.158494650294877193e-01
5.478114600262897511e+03 9.113758985036694016e-01
5.480677097410825809e+03 9.290186827671841341e-01
5.483239615358547780e+03 9.414515003307054597e-01
5.485802154173321469e+03 9.516962126006771605e-01
5.488364713922665942e+03 9.595203027990907296e-01
5.490927294674356745e+03 9.740753869886802363e-01
5.493489896496430447e+03 9.816567771422468613e-01
5.496052519457182825e+03 9.923498570496069870e-01
5.498615163625168861e+03 9.952973021918133378e-01
5.501177829069200925e+03 9.990642131821666494e-01
5.503740515858354229e+03 9.956684699309110709e-01
5.506303224061961373e+03 1.012708246982223947e+00
5.508865953749613254e+03 1.015442405230747802e+00
5.511428704991161794e+03 1.023279330803500642e+00
5.513991477856718120e+03 1.036285507811616213e+00
5.516554272416651656e+03 1.053367437464002077e+00
5.519117088741592852e+03 1.044320257429276699e+00
5.521679926902429543e+03 1.039542735299976872e+00
5.524242786970308771e+03 1.033867683962710116e+00
5.526805669016638603e+03 1.032167721227426282e+00
5.529368573113086313e+03 1.038758101905608910e+00
5.531931499331576561e+03 1.035978368415388040e+00
5.534494447744295030e+03 1.046544873880269400e+00
5.537057418423686613e+03 1.041178855596613273e+00
5.539620411442454497e+03 1.032434195521908959e+00
5.542183426873561984e+03 1.033639681154641332e+00
5.544746464790231585e+03 1.038072272984166933e+00
5.547309525265945013e+03 1.024364501507837533e+00
5.549872608374443189e+03 1.023612623717465420e+00
5.552435714189727150e+03 1.018114269972462127e+00
5.554998842786055320e+03 9.978984435754951754e-01
5.557561994237948056e+03 1.004301043969900720e+00
5.560125168620183103e+03 1.003071589896205262e+00
5.562688366007798322e+03 9.961970796458161637e-01
5.565251586476089869e+03 9.989941354027018772e-01
5.567814830100614927e+03 1.003549633126270324e+00
5.570378096957188973e+03 1.001330112180826681e+00
5.572941387121885782e+03 9.996679615111320194e-01
5.575504700671041064e+03 1.050666711046160273e+00
5.578068037681248825e+03 1.098714681822659411e+00
5.580631398229359547e+03 1.056077264411210859e+00
5.583194782392486559e+03 1.008859195496820460e+00
5.585758190248001483e+03 9.986428469040105060e-01
5.588321621873534241e+03 1.041298849851282515e+00
5.590885077346976686e+03 1.061424060421144899e+00
5.593448556746477152e+03 1.055204369264905351e+00
5.596012060150444086e+03 1.061620982527077039e+00
5.598575587637546050e+03 1.062096208289807553e+00
5.601139139286708996e+03 1.075733953668286391e+00
5.603702715177121718e+03 1.053592477389763360e+00
5.606266315388229486e+03 1.048773361674397719e+00
5.608829939999736780e+03 1.025220840518230148e+00
5.611393589091608192e+03 1.019914520310691408e+00
5.613957262744069340e+03 1.005664397482634920e+00
5.616520961037600500e+03 9.955602531625290519e-01
5.619084684052947523e+03 1.005205452596650728e+00
5.621648431871110006e+03 9.981478118009448064e-01
5.624212204573349482e+03 9.924146860925702196e-01
5.626776002241187598e+03 9.830333600010718875e-01
5.629339824956402481e+03 9.922314873926831869e-01
5.631903672801034190e+03 9.833697590792261911e-01
5.634467545857380173e+03 9.745283461080798126e-01
5.637031444207999812e+03 9.670963676053978553e-01
5.639595367935709874e+03 9.642582834318453866e-01
5.642159317123585424e+03 9.550194142667842723e-01
5.644723291854961644e+03 9.497766759726962160e-01
5.647287292213435649e+03 9.551549077941066113e-01
5.649851318282861030e+03 9.417794543191622125e-01
5.652415370147351496e+03 9.384198939157311070e-01
5.654979447891279051e+03 9.241429498835138645e-01
5.657543551599275816e+03 9.187681200967974249e-01
5.660107681356235844e+03 9.289918021110469271e-01
5.662671837247306030e+03 9.392575519444242849e-01
5.665236019357900659e+03 9.561433319611376547e-01
5.667800227773685947e+03 9.833822339826713277e-01
5.670364462580591862e+03 1.016796923532559127e+00
5.672928723864807580e+03 1.025519874966790423e+00
5.675493011712778753e+03 1.035931589478835679e+00
5.678057326211213876e+03 1.043337114624199202e+00
5.680621667447077925e+03 1.110455130014695424e+00
5.683186035507595079e+03 1.232167731852564341e+00
5.685750430480253272e+03 1.351182290232226579e+00
5.688314852452793275e+03 1.428441114248517607e+00
5.690879301513220526e+03 1.423136356691792059e+00
5.693443777749796936e+03 1.339153192811800785e+00
5.696008281251044536e+03 1.204307195340113434e+00
5.698572812105743651e+03 1.112033092657921829e+00
5.701137370402935630e+03 1.055250661689945968e+00
5.703701956231921031e+03 1.027605374177846143e+00
5.706266569682258705e+03 9.905164308925655803e-01
5.708831210843765803e+03 9.894257697902095749e-01
5.711395879806521407e+03 9.957233147374741078e-01
5.713960576660862898e+03 1.007624392941619762e+00
5.716525301497385954e+03 1.006767241561929982e+00
5.719090054406946365e+03 1.015860330331182393e+00
5.721654835480660040e+03 1.015632704454244584e+00
5.724219644809900274e+03 9.992958911230994667e-01
5.726784482486301386e+03 9.976535440366739449e-01
5.729349348601755992e+03 1.002769760390612941e+00
5.731914243248417733e+03 1.002453576807398106e+00
5.734479166518696729e+03 1.007534525809281156e+00
5.737044118505264123e+03 1.003826180420571701e+00
5.739609099301050264e+03 1.008560182597014743e+00
5.742174108999245618e+03 1.001968172682115465e+00
5.744739147693298946e+03 1.013003576947490325e+00
5.747304215476916397e+03 9.994724663482781324e-01
5.749869312444068782e+03 9.923918629975921890e-01
5.752434438688979753e+03 1.001838038895259020e+00
5.754999594306137624e+03 9.972367274225096834e-01
5.757564779390287185e+03 1.000083103067964663e+00
5.760129994036433345e+03 1.009603929518826382e+00
5.762695238339839307e+03 1.013654978388665251e+00
5.765260512396029299e+03 1.042193907081105930e+00
5.767825816300786755e+03 1.103479111368600440e+00
5.770391150150152498e+03 1.125291879307264375e+00
5.772956514040428374e+03 1.074248523685627621e+00
5.775521908068174525e+03 9.986009237961978036e-01
5.778087332330211211e+03 9.710315194301144537e-01
5.780652786923617896e+03 9.680060527123799385e-01
5.783218271945734159e+03 9.675319757250039343e-01
5.785783787494156059e+03 9.888230026506762416e-01
5.788349333666741586e+03 1.055183015422076265e+00
5.790914910561607030e+03 1.096647815917927815e+00
5.793480518277129704e+03 1.068569139982203264e+00
5.796046156911943399e+03 1.017002731030282936e+00
5.798611826564942021e+03 9.899351709141152034e-01
5.801177527335280502e+03 1.001291018315098036e+00
5.803743259322371159e+03 1.004957411720166061e+00
5.806309022625888247e+03 1.002262275677122005e+00
5.808874817345760675e+03 9.847994819503600450e-01
5.811440643582181110e+03 9.895088988481374193e-01
5.814006501435600512e+03 9.883122877632353198e-01
5.816572391006727230e+03 9.808484661756702305e-01
5.819138312396531546e+03 9.891856166360375457e-01
5.821704265706240221e+03 9.934302691627190374e-01
5.824270251037341950e+03 9.989271846434271129e-01
5.826836268491583724e+03 1.002462421944193105e+00
5.829402318170970830e+03 1.005649637552204601e+00
5.831968400177769581e+03 1.000103059697908359e+00
5.834534514614505497e+03 1.008233364645881869e+00
5.837100661583961482e+03 9.989847013336440318e-01
5.839666841189181469e+03 1.011698441235312940e+00
5.842233053533468592e+03 1.005311299601056696e+00
5.844799298720383376e+03 1.003228520189418882e+00
5.847365576853750099e+03 9.976025329391671193e-01
5.849931888037648605e+03 9.906732781974884050e-01
5.852498232376417036e+03 9.898013678350303657e-01
5.855064609974656378e+03 9.949871479224551285e-01
5.857631020937225003e+03 1.007468765475628691e+00
5.860197465369241399e+03 1.007314281566768610e+00
5.862763943376081443e+03 9.994996345662526815e-01
5.865330455063383852e+03 9.965945430670698491e-01
5.867897000537043823e+03 9.940511420216880945e-01
5.870463579903215759e+03 1.001952426059781187e+00
5.873030193268314179e+03 1.004973808425438930e+00
5.875596840739014624e+03 9.822086488299381912e-01
5.878163522422248207e+03 9.358946750526352387e-01
5.880730238425208881e+03 8.881095050984230133e-01
5.883296988855347990e+03 8.186994501967717053e-01
5.885863773820377901e+03 7.895223494817088516e-01
5.888430593428266548e+03 7.893714623234100447e-01
5.890997447787245619e+03 8.054536827817370126e-01
5.893564337005803281e+03 8.277313864144758560e-01
5.896131261192688726e+03 8.265748438563293998e-01
5.898698220456908530e+03 8.210504490354438856e-01
5.901265214907731206e+03 8.098318771131393090e-01
5.903832244654682654e+03 8.137120521785733418e-01
5.906399309807547070e+03 8.279616865340315712e-01
5.908966410476370584e+03 8.376586654775085572e-01
5.911533546771458532e+03 8.427944648068612654e-01
5.914100718803372729e+03 8.579253446254678783e-01
5.916667926682936013e+03 8.730370843867399921e-01
5.919235170521232249e+03 8.932868055297098486e-01
5.921802450429601777e+03 9.094163789516724883e-01
5.924369766519645964e+03 9.369353733161502884e-01
5.926937118903224473e+03 9.694575531102238575e-01
5.929504507692457082e+03 1.001771510164842560e+00
5.932071932999722776e+03 1.009861451919669140e+00
5.934639394937658835e+03 1.018662150175817294e+00
5.937206893619163566e+03 1.011637815767018056e+00
5.939774429157392660e+03 9.975622896274530804e-01
5.942342001665763746e+03 9.795919116865113851e-01
5.944909611257950928e+03 9.663559052385559678e-01
5.947477258047889336e+03 9.662625923692530483e-01
5.950044942149773306e+03 9.798189496451961134e-01
5.952612663678055469e+03 9.923727738747176730e-01
5.955180422747447665e+03 9.888984778747075266e-01
5.957748219472923665e+03 9.951526103117698252e-01
5.960316053969713721e+03 9.931984453258843049e-01
5.962883926353308198e+03 9.854887401901221144e-01
5.965451836739457576e+03 9.900854219805368395e-01
5.968019785244170635e+03 9.875003901633147008e-01
5.970587771983715356e+03 9.879382858040898219e-01
5.973155797074621660e+03 9.931232799512262899e-01
5.975723860633674121e+03 9.802797078278197018e-01
5.978291962777919252e+03 9.802372417292204432e-01
5.980860103624665499e+03 9.845563230910130414e-01
5.983428283291474145e+03 9.980732850408031709e-01
5.985996501896172958e+03 9.924918411421395081e-01
5.988564759556844365e+03 1.001906708248411215e+00
5.991133056391829996e+03 9.993220645237349542e-01
5.993701392519734327e+03 1.008393852495720999e+00
5.996269768059417402e+03 1.001992862194195366e+00
5.998838183130001198e+03 9.983908994971741890e-01
6.001406637850865081e+03 1.000260109148322529e+00
6.003975132341649442e+03 9.975861665717955518e-01
6.006543666722252965e+03 1.003353132663644676e+00
6.009112241112834454e+03 9.961245967797920375e-01
6.011680855633809188e+03 9.967970870745760381e-01
6.014249510405856199e+03 9.904994764181982436e-01
6.016818205549910090e+03 9.918870822468766058e-01
6.019386941187167395e+03 9.969733527766105885e-01
6.021955717439082946e+03 9.971454382018156704e-01
6.024524534427369872e+03 1.005139180703302770e+00
6.027093392274002326e+03 1.005417459299931426e+00
6.029662291101214578e+03 1.017132695797140052e+00
6.032231231031493735e+03 1.009069981866805854e+00
6.034800212187596117e+03 1.018374751986889537e+00
6.037369234692530881e+03 1.015637052366786142e+00
6.039938298669566393e+03 1.009853151369302982e+00
6.042507404242232951e+03 1.021523479539756529e+00
6.045076551534320970e+03 1.013293640460716016e+00
6.047645740669875522e+03 1.009107833024676770e+00
6.050214971773204525e+03 1.003961290418217134e+00
6.052784244968876010e+03 9.970089278910529984e-01
6.055353560381714487e+03 1.000242988208810413e+00
6.057922918136804583e+03 1.000737798943127865e+00
6.060492318359491946e+03 9.993845975904867007e-01
6.063061761175380525e+03 1.003973347068594535e+00
6.065631246710332562e+03 9.987030920988131388e-01
6.068200775090470415e+03 1.001134489876569944e+00
6.070770346442175651e+03 9.951187734123587703e-01
6.073339960892091767e+03 9.944148398146095413e-01
6.075909618567115103e+03 9.833632568476228242e-01
6.078479319594408480e+03 9.710422228430340974e-01
6.081049064101389376e+03 9.764397071810370088e-01
6.083618852215735387e+03 9.687300793771876917e-01
6.086188684065386042e+03 9.687014325817928651e-01
6.088758559778538256e+03 9.690604431361043991e-01
6.091328479483646333e+03 9.816623175006286006e-01
6.093898443309426511e+03 9.881265651028517949e-01
6.096468451384855143e+03 9.897398564119619380e-01
6.099038503839164150e+03 9.985063789187275107e-01
6.101608600801848297e+03 1.032119191394649471e+00
6.104178742402660646e+03 1.078196948261995525e+00
6.106748928771612555e+03 1.158245945619023498e+00
6.109319160038976406e+03 1.286453445839625953e+00
6.111889436335281061e+03 1.415589613168429794e+00
6.114459757791317315e+03 1.446681779086492536e+00
6.117030124538136079e+03 1.353179934227097592e+00
6.119600536707044739e+03 1.218515237000515006e+00
6.122170994429611710e+03 1.127552115629882445e+00
6.124741497837663701e+03 1.076545258963856666e+00
6.127312047063287537e+03 1.047829673294758512e+00
6.129882642238829249e+03 1.013720114065057798e+00
6.132453283496894073e+03 1.004408820339141917e+00
6.135023970970347364e+03 9.878012739113772867e-01
6.137594704792310949e+03 9.850174015745898348e-01
6.140165485096169505e+03 9.973288925747314515e-01
6.142736312015566000e+03 9.958865761594613009e-01
6.145307185684401702e+03 1.000762092969191608e+00
6.147878106236837084e+03 9.904607930298261476e-01
6.150449073807292734e+03 9.942631317708227057e-01
6.153020088530449357e+03 1.019291952465837481e+00
6.155591150541245042e+03 1.034950422004782933e+00
6.158162259974878907e+03 1.066758536778260380e+00
6.160733416966808363e+03 1.117118643646004550e+00
6.163304621652749120e+03 1.114155031067194823e+00
6.165875874168679729e+03 1.081450821410169683e+00
6.168447174650835223e+03 1.025307957884260990e+00
6.171018523235708926e+03 1.009032780851269573e+00
6.173589920060056102e+03 1.000816110234669321e+00
6.176161365260892126e+03 1.008982166375576695e+00
6.178732858975487034e+03 1.009289664677526011e+00
6.181304401341374614e+03 1.002727351178678061e+00
6.183875992496345134e+03 1.001852974845300448e+00
6.186447632578451703e+03 1.000141593468078627e+00
6.189019321726002090e+03 1.003725819263227903e+00
6.191591060077567818e+03 1.017416891547598512e+00
6.194162847771975976e+03 1.016300527152781408e+00
6.196734684948314680e+03 1.020518150129153812e+00
6.199306571745932160e+03 1.020094275844920295e+00
6.201878508304434945e+03 1.017133035680453323e+00
6.204450494763688766e+03 1.024745238018445415e+00
6.207022531263819474e+03 9.985118149130151055e-01
6.209594617945211212e+03 1.000872590730656819e+00
6.212166754948508242e+03 9.969220677136668707e-01
6.214738942414614030e+03 9.850706212237280157e-01
6.217311180484690340e+03 9.956457326884093906e-01
6.219883469300159049e+03 9.934269053271254091e-01
6.222455809002703973e+03 9.978090460314545940e-01
6.225028199734260852e+03 1.002164061107685855e+00
6.227600641637034641e+03 9.966348578084720522e-01
6.230173134853479496e+03 9.960577489239662574e-01
6.232745679526318781e+03 1.004428463484952072e+00
6.235318275798526884e+03 1.007990688200358198e+00
6.237890923813341942e+03 1.000834683116883728e+00
6.240463623714261303e+03 1.002710466920182508e+00
6.243036375645039698e+03 9.998066975898962649e-01
6.245609179749691975e+03 9.995030846562197313e-01
6.248182036172493099e+03 9.868456728331412853e-01
6.250754945057975419e+03 9.953002809869770928e-01
6.253327906550934131e+03 9.595228826460799887e-01
6.255900920796419086e+03 1.008101646240193494e+00
6.258473987939743893e+03 1.029891108457784421e+00
6.261047108126478633e+03 1.032745328039707422e+00
6.263620281502454418e+03 1.034491045893431993e+00
6.266193508213758832e+03 1.023787958822827804e+00
6.268766788406742307e+03 1.036783670256127721e+00
6.271340122228012660e+03 1.021818338053608111e+00
6.273913509824436915e+03 1.011637709197022561e+00
6.276486951343143119e+03 9.733629685654815455e-01
6.279060446931515798e+03 9.657399089332804332e-01
6.281633996737202324e+03 9.677570538031592395e-01
6.284207600908104723e+03 1.004428346288590568e+00
6.286781259592389688e+03 1.007664825664327912e+00
6.289354972938478568e+03 1.008011183971868174e+00
6.291928741095054647e+03 9.979635420815865521e-01
6.294502564211061326e+03 9.975223730001052669e-01
6.297076442435698482e+03 1.009313022958260975e+00
6.299650375918427017e+03 1.032973853906848705e+00
6.302224364808967039e+03 1.048636114266389363e+00
6.304798409257297862e+03 1.059459039901871513e+00
6.307372509413657099e+03 1.066039018263514659e+00
6.309946665428544293e+03 1.077247766340160950e+00
6.312520877452715467e+03 1.053975294065014223e+00
6.315095145637187670e+03 1.039580847617392889e+00
6.317669470133235336e+03 1.016287512604902465e+00
6.320243851092395744e+03 1.009310740945799312e+00
6.322818288666461740e+03 1.005521330688764259e+00
6.325392783007488106e+03 9.992639920708529244e-01
6.327967334267787010e+03 9.920937775761892174e-01
6.330541942599931645e+03 1.004927542390881667e+00
6.333116608156753500e+03 9.863545184521526066e-01
6.335691331091342363e+03 9.939512855195717922e-01
6.338266111557050863e+03 9.828346775547592840e-01
6.340840949707486288e+03 9.916619172997799270e-01
6.343415845696519682e+03 1.000581510743522307e+00
6.345990799678277654e+03 9.963088387649400302e-01
6.348565811807148748e+03 9.970300593769438890e-01
6.351140882237779806e+03 9.896148771169123171e-01
6.353716011125076875e+03 9.722910210212346582e-01
6.356291198624205208e+03 9.859892909297004460e-01
6.358866444890589264e+03 9.825325334499270813e-01
6.361441750079913618e+03 9.936303053159442067e-01
6.364017114348122959e+03 1.008709239023473536e+00
6.366592537851418456e+03 1.010342499307961273e+00
6.369168020746263210e+03 1.004499194490854119e+00
6.371743563189376800e+03 1.017547918848292099e+00
6.374319165337742561e+03 1.013507743140500850e+00
6.376894827348598483e+03 1.011649332034001869e+00
6.379470549379445401e+03 1.015264689454310254e+00
6.382046331588040630e+03 1.007805099753335654e+00
6.384622174132402506e+03 1.024266669266410856e+00
6.387198077170809484e+03 1.007379342554327595e+00
6.389774040861796493e+03 9.960983031727811410e-01
6.392350065364160400e+03 9.922472282270147215e-01
6.394926150836956367e+03 9.894955084982856031e-01
6.397502297439497852e+03 1.000033230811921525e+00
6.400078505331361157e+03 1.007958749292492850e+00
6.402654774672376334e+03 1.003494872429627982e+00
6.405231105622639006e+03 1.004906707003508037e+00
6.407807498342497638e+03 9.894696808856419112e-01
6.410383952992566265e+03 9.784465218293759703e-01
6.412960469733714490e+03 9.799704296304626583e-01
6.415537048727070214e+03 9.797874204407105436e-01
6.418113690134025092e+03 9.767299775843339971e-01
6.420690394116225434e+03 9.758987703820541926e-01
6.423267160835581308e+03 9.678559176172955025e-01
6.425843990454257437e+03 1.024331840978589092e+00
6.428420883134680480e+03 9.824484967299669247e-01
6.430997839039537212e+03 9.796091618211836272e-01
6.433574858331770884e+03 9.807413333985314230e-01
6.436151941174586682e+03 1.006242256572889904e+00
6.438729087731448999e+03 1.030287564631095831e+00
6.441306298166080524e+03 1.016173844698847972e+00
6.443883572642461331e+03 1.030664747261083258e+00
6.446460911324835251e+03 9.799849932944886266e-01
6.449038314377701681e+03 9.981823192894073715e-01
6.451615781965821043e+03 9.993713131636231539e-01
6.454193314254212964e+03 1.001889181567424458e+00
6.456770911408156280e+03 9.921973810662061410e-01
6.459348573593189940e+03 1.015554448502965723e+00
6.461926300975109370e+03 1.025597923466068373e+00
6.464504093719971934e+03 1.028140109160474491e+00
6.467081951994095107e+03 1.033388850938124603e+00
6.469659875964052844e+03 1.013504398594853528e+00
6.472237865796679216e+03 1.004983954838569282e+00
6.474815921659069318e+03 9.942457146829978276e-01
6.477394043718575631e+03 9.789629762254037360e-01
6.479972232142811663e+03 9.778067910425692899e-01
6.482550487099648308e+03 9.682670262709678344e-01
6.485128808757217485e+03 9.578827564375064219e-01
6.487707197283909409e+03 9.543769885834242350e-01
6.490285652848375321e+03 9.518308595474139766e-01
6.492864175619521120e+03 9.891978200220077344e-01
6.495442765766518278e+03 9.763952565875049228e-01
6.498021423458792015e+03 1.001510449898682653e+00
6.500600148866031304e+03 1.014620487686448191e+00
6.503178942158183418e+03 1.033778282290418904e+00
6.505757803505450283e+03 1.031798569176578084e+00
6.508336733078301222e+03 1.021877546971758033e+00
6.510915731047458394e+03 9.995281070503877485e-01
6.513494797583904074e+03 9.769192406093324399e-01
6.516073932858884291e+03 9.526828820268027354e-01
6.518653137043899733e+03 9.610938538803465159e-01
6.521232410310712112e+03 9.806037317207784154e-01
6.523811752831341437e+03 9.880765406774212334e-01
6.526391164778070561e+03 9.978782359336985097e-01
6.528970646323436085e+03 1.012065054777985029e+00
6.531550197640238366e+03 1.006405183052539121e+00
6.534129818901535145e+03 1.013735020940761844e+00
6.536709510280644281e+03 1.006495635855296111e+00
6.539289271951141927e+03 9.996501268273338958e-01
6.541869104086865264e+03 1.000028949100681297e+00
6.544449006861907037e+03 9.907144664978638771e-01
6.547028980450625568e+03 9.904775587661753811e-01
6.549609025027632924e+03 9.772570074109114824e-01
6.552189140767803110e+03 9.774746351805437827e-01
6.554769327846266606e+03 9.784498723110360840e-01
6.557349586438418555e+03 9.674694610593707056e-01
6.559929916719909670e+03 9.643609833629287476e-01
6.562510318866648959e+03 9.469309226837260285e-01
6.565090793054807364e+03 9.506003060098437984e-01
6.567671339460813215e+03 9.698948684968952128e-01
6.570251958261356776e+03 9.819800096100569364e-01
6.572832649633384790e+03 9.958730045391996910e-01
6.575413413754104113e+03 1.049715955355642993e+00
6.577994250800980808e+03 1.052792116287373014e+00
6.580575160951742873e+03 1.043384341076893040e+00
6.583156144384372965e+03 1.027049842087508047e+00
6.585737201277117492e+03 9.934379398275634543e-01
6.588318331808478433e+03 9.924691383038126702e-01
6.590899536157220609e+03 9.917989224127896630e-01
6.593480814502365320e+03 9.892810820217509127e-01
6.596062167023193979e+03 1.009844794006689028e+00
6.598643593899249026e+03 9.992073493717491539e-01
6.601225095310328470e+03 1.026448470161082094e+00
6.603806671436494071e+03 1.015406973649583433e+00
6.606388322458064067e+03 1.003220026278742516e+00
6.608970048555614994e+03 1.000717990978559291e+00
6.611551849909987141e+03 1.006655952786212449e+00
6.614133726702276363e+03 1.000001047907241647e+00
6.616715679113838632e+03 1.001183446116206577e+00
6.619297707326289128e+03 1.003229260219755226e+00
6.621879811521503143e+03 1.014500571447154664e+00
6.624461991881615177e+03 1.004337063832886123e+00
6.627044248589018025e+03 1.001275612010105620e+00
6.629626581826364600e+03 9.991487918611587915e-01
6.632208991776567018e+03 9.987444125476705459e-01
6.634791478622796603e+03 9.899434101114259477e-01
6.637374042548483885e+03 9.884017202765132959e-01
6.639956683737319509e+03 1.005728505478391988e+00
6.642539402373251505e+03 9.880192693217849653e-01
6.645122198640490751e+03 1.001389132965692985e+00
6.647705072723502781e+03 9.898429420528450651e-01
6.650288024807015972e+03 9.914907135110794245e-01
6.652871055076017001e+03 9.977297100881011849e-01
6.655454163715752657e+03 9.889275426660398827e-01
6.658037350911726207e+03 9.849540736061649371e-01
6.660620616849702856e+03 9.940221955411826515e-01
6.663203961715706100e+03 1.003613212571120128e+00
6.665787385696021374e+03 1.009947480967310129e+00
6.668370888977187860e+03 1.010031532970425694e+00
6.670954471746009403e+03 1.003048064959209729e+00
6.673538134189546327e+03 9.886432892266049377e-01
6.676121876495119068e+03 1.006843943252885509e+00
6.678705698850308181e+03 1.009176889790783793e+00
6.681289601442951607e+03 1.015524905290914104e+00
6.683873584461149221e+03 9.898448467716028931e-01
6.686457648093255557e+03 9.860036316644823495e-01
6.689041792527890721e+03 1.002392263671291861e+00
6.691626017953929477e+03 1.006339445688034351e+00
6.694210324560508525e+03 9.931961354697775857e-01
6.696794712537021951e+03 9.984515747528412977e-01
6.699379182073123957e+03 1.010736765677895166e+00
6.701963733358727040e+03 1.006224726849603401e+00
6.704548366584007454e+03 9.992965171145786751e-01
6.707133081939393378e+03 1.021220730006711763e+00
6.709717879615578568e+03 1.026696774725107009e+00
6.712302759803513254e+03 1.008243512214084037e+00
6.714887722694407785e+03 9.992776616460582462e-01
6.717472768479730803e+03 1.001528823127843193e+00
6.720057897351211977e+03 9.983836931501434142e-01
6.722643109500838364e+03 9.904621641231862172e-01
6.725228405120858952e+03 1.003837129571499620e+00
6.727813784403779209e+03 1.003666907510494033e+00
6.730399247542364719e+03 1.000895573143746109e+00
6.732984794729641180e+03 9.849453962415890551e-01
6.735570426158894406e+03 9.818251269119379065e-01
6.738156142023666689e+03 9.743459809252245085e-01
6.740741942517761345e+03 9.764509326145554002e-01
6.743327827835242715e+03 9.658318284164950640e-01
6.745913798170430709e+03 9.775495861471414916e-01
6.748499853717907172e+03 9.896975094332300937e-01
6.751085994672512243e+03 9.929229226700798661e-01
6.753672221229347088e+03 8.482762486065044127e-01
6.756258533583769349e+03 9.673175221577672289e-01
6.758844931931398605e+03 9.754462137603290284e-01
6.761431416468110911e+03 9.844827142420835564e-01
6.764017987390045164e+03 9.751696453568278189e-01
6.766604644893595832e+03 9.881644447427574418e-01
6.769191389175421136e+03 9.942495742158584671e-01
6.771778220432433955e+03 9.936576238267650352e-01
6.774365138861809100e+03 1.017862025530072989e+00
6.776952144660980593e+03 9.900483913278115278e-01
6.779539238027640749e+03 9.857422084222513536e-01
6.782126419159743818e+03 9.726230394443690086e-01
6.784713688255498710e+03 9.884010407662722208e-01
6.787301045513377176e+03 1.002434262674399834e+00
6.789888491132111085e+03 9.919715311258499035e-01
6.792476025310686964e+03 1.006164313863931348e+00
6.795063648248356003e+03 1.013065184818241038e+00
6.797651360144625869e+03 1.010782878596962142e+00
6.800239161199262526e+03 9.977690458149574004e-01
6.802827051612293872e+03 1.017191606831173711e+00
6.805415031584007011e+03 1.013748669182250151e+00
6.808003101314945525e+03 1.000099204544558251e+00
6.810591261005915840e+03 1.009370656773993735e+00
6.813179510857980858e+03 1.015187072008557845e+00
6.815767851072463600e+03 1.016923318210805061e+00
6.818356281850947198e+03 1.000561520975194352e+00
6.820944803395273993e+03 9.972061197236080643e-01
6.823533415907544622e+03 9.836370457578288429e-01
6.826122119590119837e+03 1.015498678562963608e+00
6.828710914645620505e+03 1.042794514270483308e+00
6.831299801276923972e+03 1.049749597509222587e+00
6.833888779687170427e+03 1.037290245236555997e+00
6.836477850079756536e+03 1.025625518941972070e+00
6.839067012658340900e+03 1.010460890910357401e+00
6.841656267626838599e+03 1.008918523452118521e+00
6.844245615189424825e+03 1.007420103035673531e+00
6.846835055550536708e+03 1.005634244855119430e+00
6.849424588914866945e+03 9.879854516886272808e-01
6.852014215487371075e+03 9.820612152264859285e-01
6.854603935473260208e+03 9.994498979733089650e-01
6.857193749078007386e+03 9.971390312505061804e-01
6.859783656507344858e+03 1.014997552981325102e+00
6.862373657967264080e+03 1.028291400800644295e+00
6.864963753664012984e+03 1.011348588878037802e+00
6.867553943804103255e+03 8.123326912939949906e-01
6.870144228594303058e+03 6.555974496935037532e-01
6.872734608241640672e+03 6.607384247222193308e-01
6.875325082953403580e+03 7.323185778889305109e-01
6.877915652937138475e+03 8.191891550578244141e-01
6.880506318400652162e+03 9.166673166950484175e-01
6.883097079552009745e+03 9.336067804416249283e-01
6.885687936599535533e+03 9.029502945855396590e-01
6.888278889751814859e+03 8.668396454273806784e-01
6.890869939217690444e+03 8.635668159535954125e-01
6.893461085206265125e+03 9.068793293084369544e-01
6.896052327926900034e+03 8.687371160072907550e-01
6.898643667589218239e+03 8.885203698191976862e-01
6.901235104403098376e+03 9.126436807314176614e-01
6.903826638578682832e+03 8.967790811983613608e-01
6.906418270326368656e+03 9.413617924436559203e-01
6.909009999856816648e+03 9.464441691501135345e-01
6.911601827380942268e+03 9.636243355187550375e-01
6.914193753109924728e+03 9.590908700938753917e-01
6.916785777255199719e+03 9.595465979726972572e-01
6.919377900028463955e+03 9.605531084116468721e-01
6.921970121641670630e+03 9.833157789039800312e-01
6.924562442307036690e+03 9.891764502571238626e-01
6.927154862237035559e+03 9.861783658432288213e-01
6.929747381644398047e+03 9.698171615830750714e-01
6.932340000742118718e+03 9.815948420788025430e-01
6.934932719743449525e+03 9.886980956835815793e-01
6.937525538861900714e+03 9.928532678974034686e-01
6.940118458311242648e+03 9.843631222812702086e-01
6.942711478305503988e+03 9.606837430665496891e-01
6.945304599058976237e+03 9.946186458316542689e-01
6.947897820786205557e+03 1.005873429789355233e+00
6.950491143702001864e+03 1.006490846500213143e+00
6.953084568021429732e+03 1.016794771862993940e+00
6.955678093959815669e+03 9.818318164066067721e-01
6.958271721732746300e+03 9.887143807279777930e-01
6.960865451556066546e+03 9.981646678973383757e-01
6.963459283645879623e+03 1.018107391318705313e+00
6.966053218218550683e+03 1.030500288438851886e+00
6.968647255490701355e+03 1.056459636472771191e+00
6.971241395679213383e+03 1.032500348016497593e+00
6.973835639001229538e+03 1.030176369295199068e+00
6.976429985674149066e+03 1.041599282472642773e+00
6.979024435915633148e+03 1.061863680074039085e+00
6.981618989943600354e+03 1.064087458663406149e+00
6.984213647976231186e+03 1.021009839349553028e+00
6.986808410231960806e+03 1.016719181181067411e+00
6.989403276929489948e+03 9.923101449261068074e-01
6.991998248287772185e+03 9.865397682673069379e-01
6.994593324526024844e+03 9.953750693466743016e-01
6.997188505863723549e+03 1.000467423567999559e+00
6.999783792520602219e+03 1.003170433551677565e+00
7.002379184716654891e+03 1.020005234136664551e+00
7.004974682672134804e+03 9.910824039417217568e-01
7.007570286607555317e+03 9.805158778592338864e-01
7.010165996743686264e+03 1.027154478364732615e+00
7.012761813301560323e+03 1.014598255668486715e+00
7.015357736502468470e+03 9.912036521754120644e-01
7.017953766567959974e+03 9.952345448575965481e-01
7.020549903719843314e+03 1.010689013571524519e+00
7.023146148180187083e+03 9.921498211490510366e-01
7.025742500171319989e+03 9.915916949040789463e-01
7.028338959915828127e+03 1.002221847590375692e+00
7.030935527636557708e+03 1.041119042680062723e+00
7.033532203556614149e+03 1.074091861601809361e+00
7.036128987899364802e+03 1.045343229157139620e+00
7.038725880888430765e+03 1.014552573300899985e+00
7.041322882747696895e+03 1.007027588747833269e+00
7.043919993701307249e+03 1.029908325005503000e+00
7.046517213973662365e+03 1.014423102802653798e+00
7.049114543789424715e+03 9.890655890621485868e-01
7.051711983373515977e+03 9.724028225577640017e-01
7.054309532951114306e+03 9.676817712801221161e-01
7.056907192747659792e+03 9.834219154844852095e-01
7.059504962988852640e+03 9.780237558723807734e-01
7.062102843900649532e+03 9.910186797873180575e-01
7.064700835709268176e+03 1.017343657966821580e+00
7.067298938641186396e+03 1.031407210844960565e+00
7.069897152923138492e+03 1.033135637199569246e+00
7.072495478782120699e+03 1.038471413284035583e+00
7.075093916445388459e+03 1.008999920549381812e+00
7.077692466140455508e+03 9.906894452000798434e-01
7.080291128095092972e+03 9.748803406609929390e-01
7.082889902537335729e+03 9.776720611563010088e-01
7.085488789695476044e+03 9.969244460684371090e-01
7.088087789798062659e+03 1.002647381927028514e+00
7.090686903073909889e+03 1.054864793558791813e+00
7.093286129752084889e+03 1.035097715226976023e+00
7.095885470061916749e+03 1.015317932901935061e+00
7.098484924232994672e+03 1.004830366311874945e+00
7.101084492495167069e+03 9.960220382167493947e-01
7.103684175078540648e+03 9.881691223196100715e-01
7.106283972213481320e+03 9.965628989821179173e-01
7.108883884130615115e+03 1.004981316664566471e+00
7.111483911060828177e+03 1.018718356807438719e+00
7.114084053235263127e+03 1.032600225014913331e+00
7.116684310885324521e+03 1.047072226138012763e+00
7.119284684242676121e+03 1.070889575887209011e+00
7.121885173539239076e+03 1.057886055290041316e+00
7.124485779007194651e+03 1.069700174540068049e+00
7.127086500878986044e+03 1.071489087310142363e+00
7.129687339387312022e+03 1.069420375885953511e+00
7.132288294765130559e+03 1.063986253112568781e+00
7.134889367245663379e+03 1.069831582015272398e+00
7.137490557062387779e+03 1.067942046968756609e+00
7.140091864449041168e+03 1.068025285557832049e+00
7.142693289639619252e+03 1.076448694466217937e+00
7.145294832868379672e+03 1.118693361576270195e+00
7.147896494369837455e+03 1.158678521402491057e+00
7.150498274378767746e+03 1.196865522436519669e+00
7.153100173130203984e+03 1.123116160006596864e+00
7.155702190859439725e+03 1.140243891765949646e+00
7.158304327802027728e+03 1.135363525632304249e+00
7.160906584193780873e+03 1.136574137147410068e+00
7.163508960270768512e+03 1.121645150276802783e+00
7.166111456269323753e+03 1.075879054137053314e+00
7.168714072426034363e+03 1.022954157328146652e+00
7.171316808977750952e+03 1.000821771884260913e+00
7.173919666161581517e+03 9.363912179993288953e-01
7.176522644214894171e+03 9.564165164131877006e-01
7.179125743375317143e+03 1.003629833968049390e+00
7.181728963880736046e+03 1.019858530980468636e+00
7.184332305969295703e+03 9.298248118517402627e-01
7.186935769879401960e+03 8.644499317995231191e-01
7.189539355849720778e+03 9.505294900063679941e-01
7.192143064119174596e+03 9.701387633909541730e-01
7.194746894926945970e+03 9.234323465293660105e-01
7.197350848512479388e+03 9.889979881333704759e-01
7.199954925115474907e+03 9.542669420410383463e-01
7.202559124975892701e+03 9.748148583540372503e-01
7.205163448333956694e+03 9.852690570133236792e-01
7.207767895430142744e+03 1.036907349332733874e+00
7.210372466505190459e+03 1.097211592211708941e+00
7.212977161800100475e+03 1.190547504711531923e+00
7.215581981556128085e+03 1.139442366307285681e+00
7.218186926014792334e+03 1.133610977133701958e+00
7.220791995417867838e+03 1.165449833700052285e+00
7.223397190007390236e+03 1.163693435271677012e+00
7.226002510025655283e+03 1.134033130936631162e+00
7.228607955715215212e+03 1.120894256105642750e+00
7.231213527318886918e+03 1.077830498460257358e+00
7.233819225079740136e+03 9.509371636939277783e-01
7.236425049241108354e+03 9.600255552299149508e-01
7.239031000046582449e+03 1.107132996966483818e+00
7.241637077740013410e+03 1.089110047431391948e+00
7.244243282565511436e+03 1.088406754448282054e+00
7.246849614767445928e+03 1.101132964542520520e+00
7.249456074590445496e+03 1.048838427601185064e+00
7.252062662279397955e+03 9.747490874191490073e-01
7.254669378079450325e+03 9.612945786871054388e-01
7.257276222236010653e+03 1.034171384516012093e+00
7.259883194994743462e+03 1.009309488321372017e+00
7.262490296601575210e+03 9.975980905418544431e-01
7.265097527302688832e+03 9.547780274438846249e-01
7.267704887344529197e+03 9.993199294588988035e-01
7.270312376973800383e+03 1.041588302820242617e+00
7.272919996437463851e+03 9.897657191674347210e-01
7.275527745982741180e+03 9.771619606215257159e-01
7.278135625857114064e+03 9.761517803532830939e-01
7.280743636308321584e+03 9.729454771834137317e-01
7.283351777584366573e+03 1.059912128350446237e+00
7.285960049933504706e+03 1.082631242399284544e+00
7.288568453604257229e+03 9.639151734947551953e-01
7.291176988845399137e+03 8.977576008492612614e-01
7.293785655905970088e+03 9.224680934773061836e-01
7.296394455035264400e+03 9.945165424047873737e-01
7.299003386482840142e+03 1.009700008064624788e+00
7.301612450498509133e+03 9.501321188040841026e-01
7.304221647332346947e+03 9.561579170978805609e-01
7.306830977234687452e+03 9.591003555961916671e-01
7.309440440456124634e+03 9.497428268348597769e-01
7.312050037247508953e+03 9.478152898055511866e-01
7.314659767859952808e+03 1.017808530017757951e+00
7.317269632544826891e+03 1.060748936662495590e+00
7.319879631553760191e+03 9.806167976229392957e-01
7.322489765138645453e+03 9.989013127457271324e-01
7.325100033551627348e+03 1.033298414949452848e+00
7.327710437045116123e+03 1.047177796429612284e+00
7.330320975871779410e+03 1.059932150193144462e+00
7.332931650284543139e+03 1.035233076482734660e+00
7.335542460536595172e+03 9.885527869334075346e-01
7.338153406881378032e+03 1.038004920241149875e+00
7.340764489572598904e+03 1.120055837698744172e+00
7.343375708864218723e+03 1.109508982292401802e+00
7.345987065010463994e+03 9.956405061735374984e-01
7.348598558265815882e+03 9.843647867591742706e-01
7.351210188885015668e+03 9.646966275469598395e-01
7.353821957123067477e+03 9.817035550393833354e-01
7.356433863235228273e+03 1.004203955683297123e+00
7.359045907477018773e+03 1.021103333640153599e+00
7.361658090104219809e+03 1.001471502437265348e+00
7.364270411372868693e+03 1.006797839793411642e+00
7.366882871539262851e+03 1.020468497971746213e+00
7.369495470859960733e+03 1.064010575380236912e+00
7.372108209591777268e+03 1.061602207833820088e+00
7.374721087991789318e+03 1.025520249838699494e+00
7.377334106317332044e+03 1.007853993222805444e+00
7.379947264825997991e+03 9.884487815584787063e-01
7.382560563775643459e+03 9.785452327768455749e-01
7.385174003424379407e+03 9.830742595257973004e-01
7.387787584030578728e+03 9.642003409848297624e-01
7.390401305852874430e+03 9.996594941200467321e-01
7.393015169150154179e+03 1.010071703984582570e+00
7.395629174181572125e+03 1.017894889367400468e+00
7.398243321206535256e+03 9.905940093654725942e-01
7.400857610484712495e+03 1.037237734853505788e+00
7.403472042276032880e+03 1.053235732597719077e+00
7.406086616840684655e+03 1.009225984246861163e+00
7.408701334439113452e+03 9.923499335762033802e-01
7.411316195332025018e+03 9.915996736946841583e-01
7.413931199780387033e+03 9.620380750340837839e-01
7.416546348045421837e+03 9.908726009020282222e-01
7.419161640388613705e+03 9.905546585575295548e-01
7.421777077071707026e+03 9.910729363569910078e-01
7.424392658356704487e+03 1.004236048401707437e+00
7.427008384505867070e+03 9.949388772618035226e-01
7.429624255781717693e+03 1.009163848642935735e+00
7.432240272447035750e+03 1.016970195104826447e+00
7.434856434764861660e+03 9.763856487120224914e-01
7.437472742998494141e+03 1.013994201283428653e+00
7.440089197411492933e+03 1.031445954021967815e+00
7.442705798267674254e+03 1.015311331603957479e+00
7.445322545831117168e+03 9.935233134260033072e-01
7.447939440366157214e+03 1.003580795920845370e+00
7.450556482137390049e+03 1.000055362247349144e+00
7.453173671409671442e+03 9.979040731192307945e-01
7.455791008448115463e+03 9.800486447392795508e-01
7.458408493518094474e+03 9.858427221360086534e-01
7.461026126885244594e+03 9.793082202856819851e-01
7.463643908815456598e+03 9.922648595915932734e-01
7.466261839574882288e+03 1.013730385220858121e+00
7.468879919429932670e+03 1.001449288674775673e+00
7.471498148647277958e+03 9.927267796238451458e-01
7.474116527493847570e+03 1.036534480674897063e+00
7.476735056236831952e+03 2.429141936193384976e-01
