# Wavelength (A) 	 Flux
3.902507018649339898e+03 1.627706551700904965e+05
3.905059333153608804e+03 1.677484230772277224e+05
3.907611676305512447e+03 1.704330843495934678e+05
3.910164048012570674e+03 1.754852921264312172e+05
3.912716448182565273e+03 1.758063935394995788e+05
3.915268876723534959e+03 1.669123820269999851e+05
3.917821333543779019e+03 1.666214099763167033e+05
3.920373818551855493e+03 1.581150935931187996e+05
3.922926331656582988e+03 1.496783405639913108e+05
3.925478872767037501e+03 1.321497609004159167e+05
3.928031441792556052e+03 1.149620955714356096e+05
3.930584038642733503e+03 1.190133155196956068e+05
3.933136663227424833e+03 1.065309709827799961e+05
3.935689315456745135e+03 1.217927768590226915e+05
3.938241995241066888e+03 1.212960358323464607e+05
3.940794702491023600e+03 1.317296928657799726e+05
3.943347437117507525e+03 1.473260025843715412e+05
3.945900199031669672e+03 1.615320835673638503e+05
3.948452988144920710e+03 1.576575959141456406e+05
3.951005804368930967e+03 1.714660382037672971e+05
3.953558647615630434e+03 1.712828776913126931e+05
3.956111517797206943e+03 1.617046062821199303e+05
3.958664414826108896e+03 1.433103578400692495e+05
3.961217338615043900e+03 1.400224004077781283e+05
3.963770289076978315e+03 1.265993324829959747e+05
3.966323266125138161e+03 1.160970330648962699e+05
3.968876269673008665e+03 1.130153945887528389e+05
3.971429299634334711e+03 1.175198265870493196e+05
3.973982355923119940e+03 1.354481156526982668e+05
3.976535438453628103e+03 1.551031752662785002e+05
3.979088547140380797e+03 1.631817098498237901e+05
3.981641681898160641e+03 1.731502278960605036e+05
3.984194842642008553e+03 1.777870674780424160e+05
3.986748029287225108e+03 1.791527127959943318e+05
3.989301241749370547e+03 1.847504277317823726e+05
3.991854479944262948e+03 1.868196466971008631e+05
3.994407743787981417e+03 1.871298986709019227e+05
3.996961033196863809e+03 1.843893326404709078e+05
3.999514348087506733e+03 1.787104215127874922e+05
4.002067688376766910e+03 1.856895179732653778e+05
4.004621053981760269e+03 1.779238052899127651e+05
4.007174444819861037e+03 1.784414524709218822e+05
4.009727860808704008e+03 1.760684147376194596e+05
4.012281301866182730e+03 1.815822659092006215e+05
4.014834767910450410e+03 1.836608304356320878e+05
4.017388258859918551e+03 1.831073331696854439e+05
4.019941774633259683e+03 1.778605080178515345e+05
4.022495315149404178e+03 1.735688441527469258e+05
4.025048880327542065e+03 1.770255229288554401e+05
4.027602470087123038e+03 1.715313553825054260e+05
4.030156084347856449e+03 1.558705532536575629e+05
4.032709723029709494e+03 1.643690397924305871e+05
4.035263386052909937e+03 1.646776046049721481e+05
4.037817073337945203e+03 1.651916534878681705e+05
4.040370784805560106e+03 1.718253692317030800e+05
4.042924520376761393e+03 1.884615865384820790e+05
4.045478279972812743e+03 2.304172683799595106e+05
4.048032063515238860e+03 2.204562497792813228e+05
4.050585870925822746e+03 1.980413399524915149e+05
4.053139702126606608e+03 1.688232468781023636e+05
4.055693557039893221e+03 1.466285644484872464e+05
4.058247435588243661e+03 1.424325124432599987e+05
4.060801337694478207e+03 1.382185571382081835e+05
4.063355263281676798e+03 1.327968664240155776e+05
4.065909212273178582e+03 1.340418641749583185e+05
4.068463184592582365e+03 1.345626797895491181e+05
4.071017180163746161e+03 1.336249903083764657e+05
4.073571198910786279e+03 1.319835784549266682e+05
4.076125240758080054e+03 1.384044323868557403e+05
4.078679305630263116e+03 1.415844258427279419e+05
4.081233393452230303e+03 1.403715032530892640e+05
4.083787504149135657e+03 1.360302803596379817e+05
4.086341637646393792e+03 1.390596856510982034e+05
4.088895793869677163e+03 1.346417447383426479e+05
4.091449972744918341e+03 1.303003074321879249e+05
4.094004174198308647e+03 1.271111610316263250e+05
4.096558398156299518e+03 1.225677777011475846e+05
4.099112644545601142e+03 1.199474579774513986e+05
4.101666913293182915e+03 1.173080070944353065e+05
4.104221204326273437e+03 1.258157774239070422e+05
4.106775517572361423e+03 1.276520773411230475e+05
4.109329852959194795e+03 1.305807134567443863e+05
4.111884210414779773e+03 1.316493546847499965e+05
4.114438589867382689e+03 1.317985058734141348e+05
4.116992991245528174e+03 1.272985064369673491e+05
4.119547414478002793e+03 1.145335824752576737e+05
4.122101859493849588e+03 1.272799857909985440e+05
4.124656326222371717e+03 1.258479950723053043e+05
4.127210814593132454e+03 1.243732396942648629e+05
4.129765324535954278e+03 1.213731610682139581e+05
4.132319855980917964e+03 1.173394664546744025e+05
4.134874408858363495e+03 1.211366273587760516e+05
4.137428983098891877e+03 1.238948399485074187e+05
4.139983578633362413e+03 1.266675653423386102e+05
4.142538195392892703e+03 1.194964975076323899e+05
4.145092833308862282e+03 1.161130639676344872e+05
4.147647492312907161e+03 1.179352738940333657e+05
4.150202172336924377e+03 1.167742277951058495e+05
4.152756873313069264e+03 1.193606362135319068e+05
4.155311595173758178e+03 1.177208047553613287e+05
4.157866337851663957e+03 1.190275749874759786e+05
4.160421101279721370e+03 1.234446680246631004e+05
4.162975885391124393e+03 1.256952241755446885e+05
4.165530690119323481e+03 1.269456511451446131e+05
4.168085515398031930e+03 1.239485828106277622e+05
4.170640361161220426e+03 1.239691819192805706e+05
4.173195227343119768e+03 1.209690699398536235e+05
4.175750113878218144e+03 1.216189668435410422e+05
4.178305020701265676e+03 1.214183313536244532e+05
4.180859947747270780e+03 1.225263312870329974e+05
4.183414894951501083e+03 1.246980429473219556e+05
4.185969862249483413e+03 1.258456221834801836e+05
4.188524849577003806e+03 1.239561685126503289e+05
4.191079856870108415e+03 1.283661495604098018e+05
4.193634884065100778e+03 1.291529078818381531e+05
4.196189931098546367e+03 1.284581627183277451e+05
4.198744997907268043e+03 1.237789109624413977e+05
4.201300084428349692e+03 1.228352769629100949e+05
4.203855190599132584e+03 1.309425322623371467e+05
4.206410316357217198e+03 1.350562018800119986e+05
4.208965461640466856e+03 1.389489171936069906e+05
4.211520626386999538e+03 1.375697063488231797e+05
4.214075810535195160e+03 1.456084945452098036e+05
4.216631014023691932e+03 1.425276670080869808e+05
4.219186236791389092e+03 1.443028638735301502e+05
4.221741478777444172e+03 1.450404576682054321e+05
4.224296739921272092e+03 1.405791476941118890e+05
4.226852020162549707e+03 1.313931950524259883e+05
4.229407319441213076e+03 1.421210679330052808e+05
4.231962637697455648e+03 1.499019807893493853e+05
4.234517974871730985e+03 1.491958119727821904e+05
4.237073330904753675e+03 1.493607832935443730e+05
4.239628705737495693e+03 1.498310210209588695e+05
4.242184099311189129e+03 1.657255253907105944e+05
4.244739511567324371e+03 1.585745986501816951e+05
4.247294942447652829e+03 1.564950627211209503e+05
4.249850391894183304e+03 1.442508259260514460e+05
4.252405859849185617e+03 1.501569803047133610e+05
4.254961346255187891e+03 1.536326827877528849e+05
4.257516851054978360e+03 1.539907247410677955e+05
4.260072374191602648e+03 1.560293833481555921e+05
4.262627915608369221e+03 1.545067919087151822e+05
4.265183475248842115e+03 1.589287071153036086e+05
4.267739053056846387e+03 1.558419141007979342e+05
4.270294648976467215e+03 1.444683519275109575e+05
4.272850262952048070e+03 1.438556261194574181e+05
4.275405894928190719e+03 1.525482077932695393e+05
4.277961544849758866e+03 1.579515647296780662e+05
4.280517212661873600e+03 1.610374511489203142e+05
4.283072898309915217e+03 1.633064802158753737e+05
4.285628601739524129e+03 1.567065091053861252e+05
4.288184322896600861e+03 1.539328806345509365e+05
4.290740061727302418e+03 1.540012983355985198e+05
4.293295818178047739e+03 1.506600987188410654e+05
4.295851592195514968e+03 1.546054632283544051e+05
4.298407383726640546e+03 1.457752607683202659e+05
4.300963192718619212e+03 1.396878345911122742e+05
4.303519019118907636e+03 1.416900301275921811e+05
4.306074862875220788e+03 1.423479233459139068e+05
4.308630723935531933e+03 1.423914968734301801e+05
4.311186602248073541e+03 1.478120202537041914e+05
4.313742497761340928e+03 1.644706978564569727e+05
4.316298410424083158e+03 1.817752001858708973e+05
4.318854340185313049e+03 1.916039105460941500e+05
4.321410286994299895e+03 1.855241662765192741e+05
4.323966250800575835e+03 1.726261285763004271e+05
4.326522231553927668e+03 1.691608846499224310e+05
4.329078229204405034e+03 1.882870892880736210e+05
4.331634243702315871e+03 1.916230306069262442e+05
4.334190274998227324e+03 1.909702408527249063e+05
4.336746323042965741e+03 1.862102376449203875e+05
4.339302387787615771e+03 1.767707406085582916e+05
4.341858469183523994e+03 1.742723782782080234e+05
4.344414567182294377e+03 1.881159768092079321e+05
4.346970681735791004e+03 2.005953748858348408e+05
4.349526812796135346e+03 2.023637946455219353e+05
4.352082960315710807e+03 1.995640711894294654e+05
4.354639124247159998e+03 2.064448112126768974e+05
4.357195304543382008e+03 4.337711777020910522e+05
4.359751501157537859e+03 6.003667006150602829e+05
4.362307714043047781e+03 3.676243809146142448e+05
4.364863943153590299e+03 2.300030215752506629e+05
4.367420188443103143e+03 2.204585335466199031e+05
4.369976449865784161e+03 2.131873872445202433e+05
4.372532727376089497e+03 2.107383359850102861e+05
4.375089020928736318e+03 2.071253954875812051e+05
4.377645330478700089e+03 2.054826819604332850e+05
4.380201655981215481e+03 2.138819711702702625e+05
4.382757997391775461e+03 1.967681346254446544e+05
4.385314354666134932e+03 1.932413269244898111e+05
4.387870727760306181e+03 2.023578384403350065e+05
4.390427116630560704e+03 2.089944772218457365e+05
4.392983521233430110e+03 2.147330490430366481e+05
4.395539941525705217e+03 2.148210766099831671e+05
4.398096377464436046e+03 2.207153804869724263e+05
4.400652829006931825e+03 2.175611659648339264e+05
4.403209296110760988e+03 2.129293176953905786e+05
4.405765778733751176e+03 2.158070045961773430e+05
4.408322276833991054e+03 2.204745359574207687e+05
4.410878790369824856e+03 2.287771079507256800e+05
4.413435319299860566e+03 2.355875035757167789e+05
4.415991863582961741e+03 2.319830467798292811e+05
4.418548423178253870e+03 2.370006032031520153e+05
4.421104998045120738e+03 2.399520159024075838e+05
4.423661588143204426e+03 2.410960354762377392e+05
4.426218193432408953e+03 2.426468910341318988e+05
4.428774813872894811e+03 2.442272095864677394e+05
4.431331449425083520e+03 2.416442352501084970e+05
4.433888100049654895e+03 2.448085399104245589e+05
4.436444765707549777e+03 2.538494703153079026e+05
4.439001446359965485e+03 2.549472024361323274e+05
4.441558141968362179e+03 2.524355301815406128e+05
4.444114852494456500e+03 2.507721813856571680e+05
4.446671577900225202e+03 2.542939987211622065e+05
4.449228318147905156e+03 2.524775161927392473e+05
4.451785073199990620e+03 2.522819393335756322e+05
4.454341843019237785e+03 2.551531476469016634e+05
4.456898627568661141e+03 2.550539792763687146e+05
4.459455426811532561e+03 2.502990094250458933e+05
4.462012240711386767e+03 2.514654063965287060e+05
4.464569069232014044e+03 2.558110537874189031e+05
4.467125912337466616e+03 2.579635177036342502e+05
4.469682769992055910e+03 2.606756669712630974e+05
4.472239642160350741e+03 2.633817234599436051e+05
4.474796528807181858e+03 2.644874842416884494e+05
4.477353429897636488e+03 2.635549714807207347e+05
4.479910345397063793e+03 2.601080745061026246e+05
4.482467275271070321e+03 2.571120498322533676e+05
4.485024219485523645e+03 2.611305950225478737e+05
4.487581178006548726e+03 2.640187763314645272e+05
4.490138150800530639e+03 2.600027222078348277e+05
4.492695137834115485e+03 2.603948558450217824e+05
4.495252139074205843e+03 2.606903409244767972e+05
4.497809154487964406e+03 2.628847529361664783e+05
4.500366184042815803e+03 2.673471401225018199e+05
4.502923227706440230e+03 2.701707462021961692e+05
4.505480285446778907e+03 2.723252366264844895e+05
4.508037357232033173e+03 2.715855039434494684e+05
4.510594443030661751e+03 2.694919424879617873e+05
4.513151542811383479e+03 2.692839969382119016e+05
4.515708656543178222e+03 2.701541045183909591e+05
4.518265784195283231e+03 2.670647932830516947e+05
4.520822925737194964e+03 2.616673385077048442e+05
4.523380081138669993e+03 2.554180570441388118e+05
4.525937250369724097e+03 2.441071378263940278e+05
4.528494433400631351e+03 2.392054909005758527e+05
4.531051630201927765e+03 2.385527523763123318e+05
4.533608840744404915e+03 2.396862792651646596e+05
4.536166064999117225e+03 2.396114354295220983e+05
4.538723302937377412e+03 2.431284306179076666e+05
4.541280554530754671e+03 2.394277359659098729e+05
4.543837819751081952e+03 2.360214117430921760e+05
4.546395098570448681e+03 2.353005014889265294e+05
4.548952390961203491e+03 2.290142704531110940e+05
4.551509696895956949e+03 2.250471579254208773e+05
4.554067016347575191e+03 2.295400975431500410e+05
4.556624349289188103e+03 2.290176461307352292e+05
4.559181695694180235e+03 2.277506220938670158e+05
4.561739055536198066e+03 2.325847347151944123e+05
4.564296428789147285e+03 2.243034048984137480e+05
4.566853815427191876e+03 2.189370064946767234e+05
4.569411215424757756e+03 2.200441026846497552e+05
4.571968628756525504e+03 2.166343519940549450e+05
4.574526055397440359e+03 2.158407650681525411e+05
4.577083495322702220e+03 2.119780039051865460e+05
4.579640948507772919e+03 2.085138676483066811e+05
4.582198414928374405e+03 2.048530145413884020e+05
4.584755894560484194e+03 2.023197513041411585e+05
4.587313387380342647e+03 2.029019884750659403e+05
4.589870893364448420e+03 2.036524460618792509e+05
4.592428412489559378e+03 2.018972591809731384e+05
4.594985944732691678e+03 1.961937568403219630e+05
4.597543490071122505e+03 1.920292729502326110e+05
4.600101048482388251e+03 1.940840901732851926e+05
4.602658619944282691e+03 1.936783226077958534e+05
4.605216204434860629e+03 1.940642478446245077e+05
4.607773801932436072e+03 1.964601102291854913e+05
4.610331412415581326e+03 1.991545494818442385e+05
4.612889035863129720e+03 1.948696647787379916e+05
4.615446672254171972e+03 1.937339488695160544e+05
4.618004321568059822e+03 1.899993274956998066e+05
4.620561983784402400e+03 1.885802815181180777e+05
4.623119658883069860e+03 1.884147480589647603e+05
4.625677346844191561e+03 1.874477730173237796e+05
4.628235047648155160e+03 1.859154215537521522e+05
4.630792761275608427e+03 1.826784678779769165e+05
4.633350487707458342e+03 1.807759006313390273e+05
4.635908226924870178e+03 1.778733217517095327e+05
4.638465978909270234e+03 1.733262392436363734e+05
4.641023743642343106e+03 1.729741572069992544e+05
4.643581521106032596e+03 1.714540928676179610e+05
4.646139311282541712e+03 1.688718510378136707e+05
4.648697114154333576e+03 1.680844162393168663e+05
4.651254929704131428e+03 1.710573272028324427e+05
4.653812757914914982e+03 1.723525361541385937e+05
4.656370598769924982e+03 1.734228453638190986e+05
4.658928452252661373e+03 1.736502732131105149e+05
4.661486318346884218e+03 1.725181044859834365e+05
4.664044197036611877e+03 1.673264285098786640e+05
4.666602088306121914e+03 1.661179766367786797e+05
4.669159992139952010e+03 1.654479337620548613e+05
4.671717908522898142e+03 1.695292594242227497e+05
4.674275837440016403e+03 1.695041464982518810e+05
4.676833778876622091e+03 1.678387484363127442e+05
4.679391732818288801e+03 1.621965041524115950e+05
4.681949699250851154e+03 1.607489149658146489e+05
4.684507678160402065e+03 1.609357511051842012e+05
4.687065669533294567e+03 1.596544616709635302e+05
4.689623673356139079e+03 1.575915119082221354e+05
4.692181689615807045e+03 1.546370572883120039e+05
4.694739718299430024e+03 1.527321077690515667e+05
4.697297759394396053e+03 1.514019740312203940e+05
4.699855812888354194e+03 1.476379010693292657e+05
4.702413878769213625e+03 1.448144049253078701e+05
4.704971957025141819e+03 1.435836997346270946e+05
4.707530047644566366e+03 1.467325450746527349e+05
4.710088150616171333e+03 1.448315807519508817e+05
4.712646265928903631e+03 1.480592597661816108e+05
4.715204393571968467e+03 1.472034254797952017e+05
4.717762533534829345e+03 1.507723729949634289e+05
4.720320685807209884e+03 1.500150362076104793e+05
4.722878850379092910e+03 1.467769326203883684e+05
4.725437027240720454e+03 1.458161497395944607e+05
4.727995216382594663e+03 1.396362753083873540e+05
4.730553417795475070e+03 1.384215117894650903e+05
4.733111631470382235e+03 1.395850492196885461e+05
4.735669857398595923e+03 1.414455802956589032e+05
4.738228095571654194e+03 1.413583456148884434e+05
4.740786345981355225e+03 1.424191314000690472e+05
4.743344608619756400e+03 1.422453292985782318e+05
4.745902883479174307e+03 1.422358044060840330e+05
4.748461170552184740e+03 1.419025537588314619e+05
4.751019469831623610e+03 1.409124298454645323e+05
4.753577781310585124e+03 1.407131254865850788e+05
4.756136104982421784e+03 1.391516590868363855e+05
4.758694440840748939e+03 1.355575426824618189e+05
4.761252788879437503e+03 1.326968579285822925e+05
4.763811149092620326e+03 1.309980195334664604e+05
4.766369521474688554e+03 1.320006434067900700e+05
4.768927906020291630e+03 1.307958165644339606e+05
4.771486302724339112e+03 1.327773098364155740e+05
4.774044711582001582e+03 1.317673749670565885e+05
4.776603132588707012e+03 1.339089644330025185e+05
4.779161565740141668e+03 1.304644469884510472e+05
4.781720011032254661e+03 1.304775968116143340e+05
4.784278468461250668e+03 1.331265347701254068e+05
4.786836938023595394e+03 1.309630325606625120e+05
4.789395419716014658e+03 1.296438519275777508e+05
4.791953913535492575e+03 1.301446333796392864e+05
4.794512419479272467e+03 1.307344418038244621e+05
4.797070937544856861e+03 1.297172811425451800e+05
4.799629467730008400e+03 1.290625494803473557e+05
4.802188010032748934e+03 1.275493306466343201e+05
4.804746564451358608e+03 1.263074328636449209e+05
4.807305130984377683e+03 1.262960011910032044e+05
4.809863709630606536e+03 1.264401941096185183e+05
4.812422300389102020e+03 1.287940516249627544e+05
4.814980903259183833e+03 1.277694348311422800e+05
4.817539518240429061e+03 1.290161314845390589e+05
4.820098145332673994e+03 1.310770318380208919e+05
4.822656784536015039e+03 1.305480609511901130e+05
4.825215435850806898e+03 1.302937994909773261e+05
4.827774099277665300e+03 1.277948024547277892e+05
4.830332774817463360e+03 1.260576702181206929e+05
4.832891462471334307e+03 1.251527691858015314e+05
4.835450162240671489e+03 1.273965575829296140e+05
4.838008874127126546e+03 1.261997066620977712e+05
4.840567598132609419e+03 1.248808999832075642e+05
4.843126334259292889e+03 1.255461950645455217e+05
4.845685082509604399e+03 1.252360754471672699e+05
4.848243842886235143e+03 1.257250481688549335e+05
4.850802615392132793e+03 1.238291568743219832e+05
4.853361400030505138e+03 1.213480167244811892e+05
4.855920196804819170e+03 1.174252422070579632e+05
4.858479005718801091e+03 1.153644047076011339e+05
4.861037826776437214e+03 1.114659162082515104e+05
4.863596659981972152e+03 1.120958252178923576e+05
4.866155505339909723e+03 1.176633077460933127e+05
4.868714362855014770e+03 1.193866581592255970e+05
4.871273232532310431e+03 1.195973888056288270e+05
4.873832114377077232e+03 1.195833786602489272e+05
4.876391008394858545e+03 1.224575403917828517e+05
4.878949914591454217e+03 1.238265623192866769e+05
4.881508832972925120e+03 1.227825928860207496e+05
4.884067763545590424e+03 1.203158746493759536e+05
4.886626706316028503e+03 1.173143621394840739e+05
4.889185661291078759e+03 1.186816101829295367e+05
4.891744628477837978e+03 1.202038610825304349e+05
4.894303607883663062e+03 1.238696557421787147e+05
4.896862599516170121e+03 1.242145876523283659e+05
4.899421603383234469e+03 1.233436206766147661e+05
4.901980619492990627e+03 1.220710070206012460e+05
4.904539647853833230e+03 1.202772310481550812e+05
4.907098688474415212e+03 1.196896067456573946e+05
4.909657741363649620e+03 1.184720631918844301e+05
4.912216806530708709e+03 1.161114369491949328e+05
4.914775883985022119e+03 1.161077118467982218e+05
4.917334973736282336e+03 1.161959049042747938e+05
4.919894075794438322e+03 1.108520423836821574e+05
4.922453190169700065e+03 1.128625405768654600e+05
4.925012316872535848e+03 1.179326035743888206e+05
4.927571455913673162e+03 1.194643149794439378e+05
4.930130607304098703e+03 1.179678624044750468e+05
4.932689771055060191e+03 1.156137141483653977e+05
4.935248947178063645e+03 1.138753220601677167e+05
4.937808135684872468e+03 1.143154080697693280e+05
4.940367336587512909e+03 1.151657832507870335e+05
4.942926549898267695e+03 1.187268681258014840e+05
4.945485775629679665e+03 1.175909065574451670e+05
4.948045013794551778e+03 1.173593301074171468e+05
4.950604264405946196e+03 1.157207600928762549e+05
4.953163527477183379e+03 1.143340725559164566e+05
4.955722803021842992e+03 1.129772950655098684e+05
4.958282091053765726e+03 1.116079053542007459e+05
4.960841391587049657e+03 1.128096531284284865e+05
4.963400704636053888e+03 1.146236247566167294e+05
4.965960030215395818e+03 1.147903157146639569e+05
4.968519368339952052e+03 1.150574441966060695e+05
4.971078719024859311e+03 1.178784722075033060e+05
4.973638082285511700e+03 1.197562907122144970e+05
4.976197458137565263e+03 1.213023280802079971e+05
4.978756846596934338e+03 1.238936716901120672e+05
4.981316247679792468e+03 1.282855891807264270e+05
4.983875661402571495e+03 1.304600330382506945e+05
4.986435087781963375e+03 1.318260407044396270e+05
4.988994526834921089e+03 1.280902043623412610e+05
4.991553978578653187e+03 1.223026635674951103e+05
4.994113443030631970e+03 1.170266459676752565e+05
4.996672920208585310e+03 1.137011953947189031e+05
4.999232410130502103e+03 1.101246349332745740e+05
5.001791912814630450e+03 1.106447720490703068e+05
5.004351428279477659e+03 1.094310431881226395e+05
5.006910956543810244e+03 1.064305893473297911e+05
5.009470497626653923e+03 1.053090228587314487e+05
5.012030051547294534e+03 1.019603852177920344e+05
5.014589618325276206e+03 1.009039781024378754e+05
5.017149197980403187e+03 1.005520295567560825e+05
5.019708790532737112e+03 1.009808891272696055e+05
5.022268396002602458e+03 1.020006115379254770e+05
5.024828014410580181e+03 1.029883511957820883e+05
5.027387645777511352e+03 1.040080019079951308e+05
5.029947290124496249e+03 1.025006290134057635e+05
5.032506947472894353e+03 1.022615252683647850e+05
5.035066617844326174e+03 9.974976924439791765e+04
5.037626301260667788e+03 9.800008227763502509e+04
5.040185997744059023e+03 9.903205453888810007e+04
5.042745707316895277e+03 1.011283301376817981e+05
5.045305430001833884e+03 1.019000886380693119e+05
5.047865165821789560e+03 1.018026001507151814e+05
5.050424914799938961e+03 1.020695843667437875e+05
5.052984676959714307e+03 1.037583914722104964e+05
5.055544452324809754e+03 1.039745895366176410e+05
5.058104240919178665e+03 1.036555369066923013e+05
5.060664042767033607e+03 1.014967722772668058e+05
5.063223857892844535e+03 1.015535289360744355e+05
5.065783686321343339e+03 1.005109350835342630e+05
5.068343528077519295e+03 9.902393312231675372e+04
5.070903383186623614e+03 9.896327961667718773e+04
5.073463251674163075e+03 9.864038113701058319e+04
5.076023133565907301e+03 9.804492598116988665e+04
5.078583028887882392e+03 9.731164284853484423e+04
5.081142937666375474e+03 9.628102002216936671e+04
5.083702859927932877e+03 9.915094777307589538e+04
5.086262795699359231e+03 1.009330348309256951e+05
5.088822745007720187e+03 1.005904848092989705e+05
5.091382707880338785e+03 1.001486667188578867e+05
5.093942684344798181e+03 9.886663553793146275e+04
5.096502674428942555e+03 9.825800021163848578e+04
5.099062678160871656e+03 9.528927569156163372e+04
5.101622695568948075e+03 9.543987572792172432e+04
5.104182726681791792e+03 9.623085048684758658e+04
5.106742771528282901e+03 9.730316350738322944e+04
5.109302830137559795e+03 9.940078855139738880e+04
5.111862902539021889e+03 9.893425923815448186e+04
5.114422988762326895e+03 9.971067054808515240e+04
5.116983088837390824e+03 9.994340591897582635e+04
5.119543202794391618e+03 9.757435233260563109e+04
5.122103330663763700e+03 9.449459155211019970e+04
5.124663472476202514e+03 9.472838651608461805e+04
5.127223628262661805e+03 9.410863997625659977e+04
5.129783798054357248e+03 9.647759675781751866e+04
5.132343981882759181e+03 9.557294802149372117e+04
5.134904179779601691e+03 9.569584126828762237e+04
5.137464391776875345e+03 9.506331770476332167e+04
5.140024617906831736e+03 9.352943453225694248e+04
5.142584858201980751e+03 9.275951101756261778e+04
5.145145112695091484e+03 9.291128784124772938e+04
5.147705381419194055e+03 9.434487913024377485e+04
5.150265664407575059e+03 9.798512566569914634e+04
5.152825961693783029e+03 1.017874257349192485e+05
5.155386273311624791e+03 1.022981890145728685e+05
5.157946599295166379e+03 9.885453331150418671e+04
5.160506939678732124e+03 9.317879120495750976e+04
5.163067294496907380e+03 8.714060010144166881e+04
5.165627663784536708e+03 8.173780147473927354e+04
5.168188047576722965e+03 7.923120385019241075e+04
5.170748445908830035e+03 8.135138685991945385e+04
5.173308858816477368e+03 8.342479289288612199e+04
5.175869286335548168e+03 8.498766583845768764e+04
5.178429728502182115e+03 8.609717196319428331e+04
5.180990185352780827e+03 8.555874115658628580e+04
5.183550656924000577e+03 8.470008621019918064e+04
5.186111143252763213e+03 8.612097218475467525e+04
5.188671644376243421e+03 9.093173226540061296e+04
5.191232160331881460e+03 9.083027779663765978e+04
5.193792691157371337e+03 9.128798798029879981e+04
5.196353236890669905e+03 9.148855040665424895e+04
5.198913797569992312e+03 9.140829244854187709e+04
5.201474373233812912e+03 9.042788214906038775e+04
5.204034963920865266e+03 8.921461444511510490e+04
5.206595569670142140e+03 8.796247874429156946e+04
5.209156190520896416e+03 8.965413426494706073e+04
5.211716826512640182e+03 9.233924864379892824e+04
5.214277477685143822e+03 9.394524099041162117e+04
5.216838144078437836e+03 9.229097321555681992e+04
5.219398825732811019e+03 9.077498780399882526e+04
5.221959522688813195e+03 9.114364443354718969e+04
5.224520234987252479e+03 9.085740107197228645e+04
5.227080962669197106e+03 8.961655956224459806e+04
5.229641705775972696e+03 9.094797379116827506e+04
5.232202464349165894e+03 9.196536040280571615e+04
5.234763238430621641e+03 9.206072995519865071e+04
5.237324028062446814e+03 9.385492615256867430e+04
5.239884833287002948e+03 9.381132787927845493e+04
5.242445654146915331e+03 9.254162613625165250e+04
5.245006490685064819e+03 9.186533698794608063e+04
5.247567342944596021e+03 9.124994190339600027e+04
5.250128210968908206e+03 9.110983828302941401e+04
5.252689094801663487e+03 9.122696971836419834e+04
5.255249994486781361e+03 9.119761377949944290e+04
5.257810910068440535e+03 9.017857519847195363e+04
5.260371841591079829e+03 8.763511026136715373e+04
5.262932789099398178e+03 8.673640655590179085e+04
5.265493752638351907e+03 8.636185994843310618e+04
5.268054732253157454e+03 8.667813053338075406e+04
5.270615727989292282e+03 9.050219853113111458e+04
5.273176739892489422e+03 9.084237119031201291e+04
5.275737768008744752e+03 8.980581087425132864e+04
5.278298812384311532e+03 8.971119341287607676e+04
5.280859873065703141e+03 9.032054726366775867e+04
5.283420950099692163e+03 9.039488705091107113e+04
5.285982043533310389e+03 9.091079212427718448e+04
5.288543153413847904e+03 9.197254712776055385e+04
5.291104279788856729e+03 9.069249593907072267e+04
5.293665422706146273e+03 8.905105383668272407e+04
5.296226582213784241e+03 8.867547886100642791e+04
5.298787758360100270e+03 8.904658497127865849e+04
5.301348951193681387e+03 9.055369320990792767e+04
5.303910160763374734e+03 9.157843449184612837e+04
5.306471387118286657e+03 9.224717901636363240e+04
5.309032630307781801e+03 9.249208704724242853e+04
5.311593890381487654e+03 9.136721518360803020e+04
5.314155167389285452e+03 8.989210477999965951e+04
5.316716461381320187e+03 8.840151592607301427e+04
5.319277772407995144e+03 8.703477983050617331e+04
5.321839100519970998e+03 8.533806516682656365e+04
5.324400445768171267e+03 8.412161232057987945e+04
5.326961808203774126e+03 8.423070708136213943e+04
5.329523187878222416e+03 8.573435642604001623e+04
5.332084584843213634e+03 8.831859259306572494e+04
5.334645999150707212e+03 8.960750996201255475e+04
5.337207430852920879e+03 8.948339115564238455e+04
5.339768880002333390e+03 8.954892421275313245e+04
5.342330346651679065e+03 9.160551036990477587e+04
5.344891830853955071e+03 9.719924383941668202e+04
5.347453332662416869e+03 1.061224899495948775e+05
5.350014852130580039e+03 1.073420721588091255e+05
5.352576389312215724e+03 1.049058296122514439e+05
5.355137944261359735e+03 1.110136643687808246e+05
5.357699517032303447e+03 1.116560849848576181e+05
5.360261107679599263e+03 1.096365415810110280e+05
5.362822716258057881e+03 1.065329134563776606e+05
5.365384342822750114e+03 1.035531109553009155e+05
5.367945987429005982e+03 1.026314650356937782e+05
5.370507650132412891e+03 1.012977507906124083e+05
5.373069330988822003e+03 1.020122536206025543e+05
5.375631030054339135e+03 1.036549052652649989e+05
5.378192747385332041e+03 1.036196365775130835e+05
5.380754483038426770e+03 1.030207025625762326e+05
5.383316237070510397e+03 1.027228700294351002e+05
5.385878009538725564e+03 1.020358943792859791e+05
5.388439800500478668e+03 9.939813128449188662e+04
5.391001610013430764e+03 9.607805629751623201e+04
5.393563438135508477e+03 9.565847820358005993e+04
5.396125284924890366e+03 9.593579924155148910e+04
5.398687150440020559e+03 9.541511999378859764e+04
5.401249034739599665e+03 9.459336667785473401e+04
5.403810937882585677e+03 9.424615147159258777e+04
5.406372859928201251e+03 9.361068729325183085e+04
5.408934800935922794e+03 9.599938615204593225e+04
5.411496760965489557e+03 9.837998032415418129e+04
5.414058740076898175e+03 1.037680652100351872e+05
5.416620738330406311e+03 1.064661592261064943e+05
5.419182755786530834e+03 1.068282853692169010e+05
5.421744792506044178e+03 1.060501560723923030e+05
5.424306848549984352e+03 1.026268427319480688e+05
5.426868923979643114e+03 1.003424060075358575e+05
5.429431018856575065e+03 9.804211135851702420e+04
5.431993133242591284e+03 9.788033746716425230e+04
5.434555267199766604e+03 9.825144902899068256e+04
5.437117420790428696e+03 9.948308053796736931e+04
5.439679594077170805e+03 9.943228553706110688e+04
5.442241787122841743e+03 9.869545295026196982e+04
5.444803999990551347e+03 9.634348449066867761e+04
5.447366232743667751e+03 9.540714314923749771e+04
5.449928485445818296e+03 9.511099625972779177e+04
5.452490758160891346e+03 9.596568926070023736e+04
5.455053050953031743e+03 9.576371903776796535e+04
5.457615363886646264e+03 1.087330267704862490e+05
5.460177697026399983e+03 1.619019279895783402e+05
5.462740050437218088e+03 1.660967708835455123e+05
5.465302424184283154e+03 1.173242873921616701e+05
5.467864818333037874e+03 9.503664287857226736e+04
5.470427232949185054e+03 9.244499667448576656e+04
5.472989668098687616e+03 8.939307909918446967e+04
5.475552123847764960e+03 8.849414120967972849e+04
5.478114600262897511e+03 8.681288645819009980e+04
5.480677097410825809e+03 8.716797953975267592e+04
5.483239615358547780e+03 8.695800704474425584e+04
5.485802154173321469e+03 8.649898571719416941e+04
5.488364713922665942e+03 8.579943334319905262e+04
5.490927294674356745e+03 8.569547205159891746e+04
5.493489896496430447e+03 8.499339333041025384e+04
5.496052519457182825e+03 8.460384672534134006e+04
5.498615163625168861e+03 8.362547289456943690e+04
5.501177829069200925e+03 8.281837445226460113e+04
5.503740515858354229e+03 8.153863271015389182e+04
5.506303224061961373e+03 8.203739625639260339e+04
5.508865953749613254e+03 8.147220352895377437e+04
5.511428704991161794e+03 8.141491901549036265e+04
5.513991477856718120e+03 8.185629624915409659e+04
5.516554272416651656e+03 8.269861799140478252e+04
5.519117088741592852e+03 8.157437273780231772e+04
5.521679926902429543e+03 8.087067228588080616e+04
5.524242786970308771e+03 8.017490682642222964e+04
5.526805669016638603e+03 7.985686833790125092e+04
5.529368573113086313e+03 8.024073455990500224e+04
5.531931499331576561e+03 7.995485522137764201e+04
5.534494447744295030e+03 8.074680777635243430e+04
5.537057418423686613e+03 8.035072037652366271e+04
5.539620411442454497e+03 7.972799926873423101e+04
5.542183426873561984e+03 7.990099683168306365e+04
5.544746464790231585e+03 8.034502075274479284e+04
5.547309525265945013e+03 7.939834623995410220e+04
5.549872608374443189e+03 7.946188904465739324e+04
5.552435714189727150e+03 7.915723066148550424e+04
5.554998842786055320e+03 7.769976230940742244e+04
5.557561994237948056e+03 7.830133516380269430e+04
5.560125168620183103e+03 7.828995701097043639e+04
5.562688366007798322e+03 7.781255007920696517e+04
5.565251586476089869e+03 7.805918511561940250e+04
5.567814830100614927e+03 7.841009619386633858e+04
5.570378096957188973e+03 7.820195959119308100e+04
5.572941387121885782e+03 7.801179027065369883e+04
5.575504700671041064e+03 8.190531001366273267e+04
5.578068037681248825e+03 8.554108033187578258e+04
5.580631398229359547e+03 8.210128341288423690e+04
5.583194782392486559e+03 7.830557848345217644e+04
5.585758190248001483e+03 7.738298828309019154e+04
5.588321621873534241e+03 8.055102393066148215e+04
5.590885077346976686e+03 8.196988092606225109e+04
5.593448556746477152e+03 8.135855647833562398e+04
5.596012060150444086e+03 8.173186254204333818e+04
5.598575587637546050e+03 8.166152619034479721e+04
5.601139139286708996e+03 8.262078580089303432e+04
5.603702715177121718e+03 8.085551198399216810e+04
5.606266315388229486e+03 8.044804175083996961e+04
5.608829939999736780e+03 7.863483467327621474e+04
5.611393589091608192e+03 7.825539323224639520e+04
5.613957262744069340e+03 7.722676856409519678e+04
5.616520961037600500e+03 7.655608176245140203e+04
5.619084684052947523e+03 7.744951342366567405e+04
5.621648431871110006e+03 7.710541952018399024e+04
5.624212204573349482e+03 7.690939625137245457e+04
5.626776002241187598e+03 7.646861571974847175e+04
5.629339824956402481e+03 7.750856671909602301e+04
5.631903672801034190e+03 7.716653484150061558e+04
5.634467545857380173e+03 7.684171227107060258e+04
5.637031444207999812e+03 7.663718128879007418e+04
5.639595367935709874e+03 7.680149936835693370e+04
5.642159317123585424e+03 7.645355105704185553e+04
5.644723291854961644e+03 7.641571565825291327e+04
5.647287292213435649e+03 7.722217007174358878e+04
5.649851318282861030e+03 7.649288730023632525e+04
5.652415370147351496e+03 7.654825502360498649e+04
5.654979447891279051e+03 7.567850027366660652e+04
5.657543551599275816e+03 7.549711730544111924e+04
5.660107681356235844e+03 7.655793994567189657e+04
5.662671837247306030e+03 7.757947037302165700e+04
5.665236019357900659e+03 7.909801854017375445e+04
5.667800227773685947e+03 8.141579759840366023e+04
5.670364462580591862e+03 8.417706909773165535e+04
5.672928723864807580e+03 8.481982602754229447e+04
5.675493011712778753e+03 8.553188530785504554e+04
5.678057326211213876e+03 8.593052275512677443e+04
5.680621667447077925e+03 9.117244012089098396e+04
5.683186035507595079e+03 1.007900553966325824e+05
5.685750430480253272e+03 1.100586537145083712e+05
5.688314852452793275e+03 1.158094158272158093e+05
5.690879301513220526e+03 1.147995817099012056e+05
5.693443777749796936e+03 1.074508570256120729e+05
5.696008281251044536e+03 9.609692159995641850e+04
5.698572812105743651e+03 8.823138091480518051e+04
5.701137370402935630e+03 8.324715102443867363e+04
5.703701956231921031e+03 8.060446813453923096e+04
5.706266569682258705e+03 7.726099316956489929e+04
5.708831210843765803e+03 7.675939675673125021e+04
5.711395879806521407e+03 7.685253127265439252e+04
5.713960576660862898e+03 7.739893871461317758e+04
5.716525301497385954e+03 7.698939741090271855e+04
5.719090054406946365e+03 7.736616943825270573e+04
5.721654835480660040e+03 7.705834210444934433e+04
5.724219644809900274e+03 7.556042025058381842e+04
5.726784482486301386e+03 7.520544174787710654e+04
5.729349348601755992e+03 7.538629472493747016e+04
5.731914243248417733e+03 7.518474809944936715e+04
5.734479166518696729e+03 7.541408719833011855e+04
5.737044118505264123e+03 7.501201002959007747e+04
5.739609099301050264e+03 7.526729208239524451e+04
5.742174108999245618e+03 7.470378935579692188e+04
5.744739147693298946e+03 7.548060930636800185e+04
5.747304215476916397e+03 7.445291766768321395e+04
5.749869312444068782e+03 7.393165404497516283e+04
5.752434438688979753e+03 7.466720931307504361e+04
5.754999594306137624e+03 7.438125205957904109e+04
5.757564779390287185e+03 7.467589405682212964e+04
5.760129994036433345e+03 7.549519602679445234e+04
5.762695238339839307e+03 7.593213096348724503e+04
5.765260512396029299e+03 7.823346292501359130e+04
5.767825816300786755e+03 8.303406555319212202e+04
5.770391150150152498e+03 8.490692215511310496e+04
5.772956514040428374e+03 8.130249148722171958e+04
5.775521908068174525e+03 7.583076742529349576e+04
5.778087332330211211e+03 7.400683629379826016e+04
5.780652786923617896e+03 7.406679884712920466e+04
5.783218271945734159e+03 7.434047187040846620e+04
5.785783787494156059e+03 7.631079049032894545e+04
5.788349333666741586e+03 8.180523798443027772e+04
5.790914910561607030e+03 8.542220085059487610e+04
5.793480518277129704e+03 8.363861314713940374e+04
5.796046156911943399e+03 7.999513164598312869e+04
5.798611826564942021e+03 7.825436636662630190e+04
5.801177527335280502e+03 7.954858310054731555e+04
5.803743259322371159e+03 8.023928228178902646e+04
5.806309022625888247e+03 8.042151391423473251e+04
5.808874817345760675e+03 7.940757279675097379e+04
5.811440643582181110e+03 8.017087187229830306e+04
5.814006501435600512e+03 8.044914542042266112e+04
5.816572391006727230e+03 8.020385714161745273e+04
5.819138312396531546e+03 8.123840630892543413e+04
5.821704265706240221e+03 8.192642475709054270e+04
5.824270251037341950e+03 8.270369896971985872e+04
5.826836268491583724e+03 8.330172937823549728e+04
5.829402318170970830e+03 8.385070181701508409e+04
5.831968400177769581e+03 8.364637392602652835e+04
5.834534514614505497e+03 8.455963611631827371e+04
5.837100661583961482e+03 8.398600050091660523e+04
5.839666841189181469e+03 8.522764679261411948e+04
5.842233053533468592e+03 8.482728474220276985e+04
5.844799298720383376e+03 8.475268373845939641e+04
5.847365576853750099e+03 8.433955709994593053e+04
5.849931888037648605e+03 8.377498666286296793e+04
5.852498232376417036e+03 8.367971093151728564e+04
5.855064609974656378e+03 8.405410564015067939e+04
5.857631020937225003e+03 8.501035557672314462e+04
5.860197465369241399e+03 8.487703011563503242e+04
5.862763943376081443e+03 8.408835222747728403e+04
5.865330455063383852e+03 8.371437418711725331e+04
5.867897000537043823e+03 8.338280070455737587e+04
5.870463579903215759e+03 8.394895679194157128e+04
5.873030193268314179e+03 8.413190179567445011e+04
5.875596840739014624e+03 8.218179284329181246e+04
5.878163522422248207e+03 7.828566474338543776e+04
5.880730238425208881e+03 7.428685597838685499e+04
5.883296988855347990e+03 6.849456557072652504e+04
5.885863773820377901e+03 6.607958185828964633e+04
5.888430593428266548e+03 6.610429637239260774e+04
5.890997447787245619e+03 6.749902111514995340e+04
5.893564337005803281e+03 6.942362025565882504e+04
5.896131261192688726e+03 6.939086763483620598e+04
5.898698220456908530e+03 6.899581482759787468e+04
5.901265214907731206e+03 6.812400154805711645e+04
5.903832244654682654e+03 6.852312970957280777e+04
5.906399309807547070e+03 6.979685340424852620e+04
5.908966410476370584e+03 7.068692939272559306e+04
5.911533546771458532e+03 7.118962499754490273e+04
5.914100718803372729e+03 7.253263328931246360e+04
5.916667926682936013e+03 7.386876649063442892e+04
5.919235170521232249e+03 7.563241546362881490e+04
5.921802450429601777e+03 7.703761207837369875e+04
5.924369766519645964e+03 7.939554934269314981e+04
5.926937118903224473e+03 8.216269381285086274e+04
5.929504507692457082e+03 8.489382385891598824e+04
5.932071932999722776e+03 8.555043608204118209e+04
5.934639394937658835e+03 8.624307937283148931e+04
5.937206893619163566e+03 8.557018790067473310e+04
5.939774429157392660e+03 8.427562770922096388e+04
5.942342001665763746e+03 8.262948337435800931e+04
5.944909611257950928e+03 8.136225552848544612e+04
5.947477258047889336e+03 8.118017058212462871e+04
5.950044942149773306e+03 8.211965226050921774e+04
5.952612663678055469e+03 8.294777626538363984e+04
5.955180422747447665e+03 8.241323940511399996e+04
5.957748219472923665e+03 8.266879309961530089e+04
5.960316053969713721e+03 8.222243881183060876e+04
5.962883926353308198e+03 8.128467756804103556e+04
5.965451836739457576e+03 8.134618305357026111e+04
5.968019785244170635e+03 8.080134728952990554e+04
5.970587771983715356e+03 8.048998092933320731e+04
5.973155797074621660e+03 8.054977032777144632e+04
5.975723860633674121e+03 7.913769110707045184e+04
5.978291962777919252e+03 7.875253568232421821e+04
5.980860103624665499e+03 7.870574101876870554e+04
5.983428283291474145e+03 7.937762671984097688e+04
5.985996501896172958e+03 7.851898748932896706e+04
5.988564759556844365e+03 7.883776811631246528e+04
5.991133056391829996e+03 7.820312651789745723e+04
5.993701392519734327e+03 7.847258093730712426e+04
5.996269768059417402e+03 7.753258983297905070e+04
5.998838183130001198e+03 7.681047715089215490e+04
6.001406637850865081e+03 7.650813467582639714e+04
6.003975132341649442e+03 7.585806255550081551e+04
6.006543666722252965e+03 7.584921143950296391e+04
6.009112241112834454e+03 7.486067121282407606e+04
6.011680855633809188e+03 7.447221083668051870e+04
6.014249510405856199e+03 7.357017222567139834e+04
6.016818205549910090e+03 7.324711794426631241e+04
6.019386941187167395e+03 7.320179358879762003e+04
6.021955717439082946e+03 7.280213874958441011e+04
6.024524534427369872e+03 7.298028940384429006e+04
6.027093392274002326e+03 7.260636653952575580e+04
6.029662291101214578e+03 7.306661445323238149e+04
6.032231231031493735e+03 7.211890409772962448e+04
6.034800212187596117e+03 7.242768784689492895e+04
6.037369234692530881e+03 7.189469778797747858e+04
6.039938298669566393e+03 7.116715634944078920e+04
6.042507404242232951e+03 7.168762605267559411e+04
6.045076551534320970e+03 7.083155064758386288e+04
6.047645740669875522e+03 7.028384375907611684e+04
6.050214971773204525e+03 6.969507595233850589e+04
6.052784244968876010e+03 6.900838560548042005e+04
6.055353560381714487e+03 6.905359054495832243e+04
6.057922918136804583e+03 6.893644564978801645e+04
6.060492318359491946e+03 6.872085103849609732e+04
6.063061761175380525e+03 6.894364153325304505e+04
6.065631246710332562e+03 6.852083803172133048e+04
6.068200775090470415e+03 6.865932798239620752e+04
6.070770346442175651e+03 6.825028986275153875e+04
6.073339960892091767e+03 6.823397912594428635e+04
6.075909618567115103e+03 6.753207300628416124e+04
6.078479319594408480e+03 6.676286993478944350e+04
6.081049064101389376e+03 6.722938137358626409e+04
6.083618852215735387e+03 6.680785829771509452e+04
6.086188684065386042e+03 6.692654351361047884e+04
6.088758559778538256e+03 6.708015419645444490e+04
6.091328479483646333e+03 6.808785518113608123e+04
6.093898443309426511e+03 6.867407222525042016e+04
6.096468451384855143e+03 6.892253102798694454e+04
6.099038503839164150e+03 6.966541574941319413e+04
6.101608600801848297e+03 7.213864560576893564e+04
6.104178742402660646e+03 7.548016147986082069e+04
6.106748928771612555e+03 8.119632851003618271e+04
6.109319160038976406e+03 9.028473858389224915e+04
6.111889436335281061e+03 9.942728812010280672e+04
6.114459757791317315e+03 1.016557467982934904e+05
6.117030124538136079e+03 9.508833389492497372e+04
6.119600536707044739e+03 8.558873586262228491e+04
6.122170994429611710e+03 7.912546169926175207e+04
6.124741497837663701e+03 7.543352004189066065e+04
6.127312047063287537e+03 7.326754046330085839e+04
6.129882642238829249e+03 7.068731717218208360e+04
6.132453283496894073e+03 6.979537549822809524e+04
6.135023970970347364e+03 6.835088490913469286e+04
6.137594704792310949e+03 6.781363883015001193e+04
6.140165485096169505e+03 6.825325553970244073e+04
6.142736312015566000e+03 6.768484102113281551e+04
6.145307185684401702e+03 6.747817612665056367e+04
6.147878106236837084e+03 6.618297322337860533e+04
6.150449073807292734e+03 6.577086566287657479e+04
6.153020088530449357e+03 6.669003157255753467e+04
6.155591150541245042e+03 6.692396568524721079e+04
6.158162259974878907e+03 6.813385409480819362e+04
6.160733416966808363e+03 7.044236389098974178e+04
6.163304621652749120e+03 6.934141804739131476e+04
6.165875874168679729e+03 6.642268398119717313e+04
6.168447174650835223e+03 6.215214186291874648e+04
6.171018523235708926e+03 6.038269375360453705e+04
6.173589920060056102e+03 5.915183520503158798e+04
6.176161365260892126e+03 5.893828382950168452e+04
6.178732858975487034e+03 5.832018862121491838e+04
6.181304401341374614e+03 5.738030183651758853e+04
6.183875992496345134e+03 5.685079047384812293e+04
6.186447632578451703e+03 5.635210687841402250e+04
6.189019321726002090e+03 5.621880983696442127e+04
6.191591060077567818e+03 5.670474820247436583e+04
6.194162847771975976e+03 5.641103443251546560e+04
6.196734684948314680e+03 5.645218669576691173e+04
6.199306571745932160e+03 5.626555765998307470e+04
6.201878508304434945e+03 5.595935191650911293e+04
6.204450494763688766e+03 5.624435078582739516e+04
6.207022531263819474e+03 5.467441389307084319e+04
6.209594617945211212e+03 5.466405745902482158e+04
6.212166754948508242e+03 5.429502110418031953e+04
6.214738942414614030e+03 5.348539863083819364e+04
6.217311180484690340e+03 5.388263211106839299e+04
6.219883469300159049e+03 5.357680360439436481e+04
6.222455809002703973e+03 5.361915987406399654e+04
6.225028199734260852e+03 5.365274821910147148e+04
6.227600641637034641e+03 5.315364054086636315e+04
6.230173134853479496e+03 5.291794883648186078e+04
6.232745679526318781e+03 5.315590795335754956e+04
6.235318275798526884e+03 5.313865888001930580e+04
6.237890923813341942e+03 5.256064351952582365e+04
6.240463623714261303e+03 5.246338458073482616e+04
6.243036375645039698e+03 5.212344087425288308e+04
6.245609179749691975e+03 5.192863797035352763e+04
6.248182036172493099e+03 5.110382744785911200e+04
6.250754945057975419e+03 5.138178323638679285e+04
6.253327906550934131e+03 4.938824663079837046e+04
6.255900920796419086e+03 5.174173324168175168e+04
6.258473987939743893e+03 5.271620753406082076e+04
6.261047108126478633e+03 5.272331263560286607e+04
6.263620281502454418e+03 5.267756162831831898e+04
6.266193508213758832e+03 5.200243630887180916e+04
6.268766788406742307e+03 5.253323457885763492e+04
6.271340122228012660e+03 5.164898693816244486e+04
6.273913509824436915e+03 5.101021973616180185e+04
6.276486951343143119e+03 4.896041521385480155e+04
6.279060446931515798e+03 4.845677960088697728e+04
6.281633996737202324e+03 4.843539129064616282e+04
6.284207600908104723e+03 5.014081585328243818e+04
6.286781259592389688e+03 5.016950238301372156e+04
6.289354972938478568e+03 5.005154050302263931e+04
6.291928741095054647e+03 4.941675175388498610e+04
6.294502564211061326e+03 4.925728763472724677e+04
6.297076442435698482e+03 4.969868221471188008e+04
6.299650375918427017e+03 5.071824568166359677e+04
6.302224364808967039e+03 5.133839704511508171e+04
6.304798409257297862e+03 5.171695447083665204e+04
6.307372509413657099e+03 5.188523926912537718e+04
6.309946665428544293e+03 5.227583446397320949e+04
6.312520877452715467e+03 5.099471789889116917e+04
6.315095145637187670e+03 5.014864886605053471e+04
6.317669470133235336e+03 4.887904008781103767e+04
6.320243851092395744e+03 4.839908108185966557e+04
6.322818288666461740e+03 4.807428429000567121e+04
6.325392783007488106e+03 4.763393332975447265e+04
6.327967334267787010e+03 4.715318050904882693e+04
6.330541942599931645e+03 4.762368665932749718e+04
6.333116608156753500e+03 4.660783389992539742e+04
6.335691331091342363e+03 4.683126501062588068e+04
6.338266111557050863e+03 4.617459799916546035e+04
6.340840949707486288e+03 4.645631555585627939e+04
6.343415845696519682e+03 4.674103720352095115e+04
6.345990799678277654e+03 4.640988772714982042e+04
6.348565811807148748e+03 4.631279733145958016e+04
6.351140882237779806e+03 4.583955670206469222e+04
6.353716011125076875e+03 4.491141540148330387e+04
6.356291198624205208e+03 4.541751957876720553e+04
6.358866444890589264e+03 4.513287520693031547e+04
6.361441750079913618e+03 4.551656310145166935e+04
6.364017114348122959e+03 4.608000780881589890e+04
6.366592537851418456e+03 4.602778065233638335e+04
6.369168020746263210e+03 4.563609105202365754e+04
6.371743563189376800e+03 4.610237683047649625e+04
6.374319165337742561e+03 4.579382142075196316e+04
6.376894827348598483e+03 4.558506176434916415e+04
6.379470549379445401e+03 4.562317635219792282e+04
6.382046331588040630e+03 4.516448023849981109e+04
6.384622174132402506e+03 4.577705570881844324e+04
6.387198077170809484e+03 4.489954150738535827e+04
6.389774040861796493e+03 4.427559294420079095e+04
6.392350065364160400e+03 4.398395100033073686e+04
6.394926150836956367e+03 4.374200949854170176e+04
6.397502297439497852e+03 4.408672642192182684e+04
6.400078505331361157e+03 4.431412753473369958e+04
6.402654774672376334e+03 4.399637526761156187e+04
6.405231105622639006e+03 4.393626473464475566e+04
6.407807498342497638e+03 4.314055304881982738e+04
6.410383952992566265e+03 4.253957204746058414e+04
6.412960469733714490e+03 4.248401293071303371e+04
6.415537048727070214e+03 4.235273000013678393e+04
6.418113690134025092e+03 4.209574358019392821e+04
6.420690394116225434e+03 4.193303732743069122e+04
6.423267160835581308e+03 4.145915981140871736e+04
6.425843990454257437e+03 4.373967947837170504e+04
6.428420883134680480e+03 4.181511026963738550e+04
6.430997839039537212e+03 4.155513125105172367e+04
6.433574858331770884e+03 4.146015165941236046e+04
6.436151941174586682e+03 4.238733301742912590e+04
6.438729087731448999e+03 4.324132190648197866e+04
6.441306298166080524e+03 4.248827159720673080e+04
6.443883572642461331e+03 4.292783327883409947e+04
6.446460911324835251e+03 4.065630191443510557e+04
6.449038314377701681e+03 4.124565301272689248e+04
6.451615781965821043e+03 4.112772399754459184e+04
6.454193314254212964e+03 4.106325413665845554e+04
6.456770911408156280e+03 4.049961575296067895e+04
6.459348573593189940e+03 4.128339999999997963e+04
6.461926300975109370e+03 4.152180027832223277e+04
6.464504093719971934e+03 4.145651111496098747e+04
6.467081951994095107e+03 4.150186174347968335e+04
6.469659875964052844e+03 4.054359157275420876e+04
6.472237865796679216e+03 4.004842727071008267e+04
6.474815921659069318e+03 3.947247531077388703e+04
6.477394043718575631e+03 3.872475561194703187e+04
6.479972232142811663e+03 3.854265624820134690e+04
6.482550487099648308e+03 3.803564079053160822e+04
6.485128808757217485e+03 3.750180345824194956e+04
6.487707197283909409e+03 3.724238387758564204e+04
6.490285652848375321e+03 3.702412221262243838e+04
6.492864175619521120e+03 3.835672968294314342e+04
6.495442765766518278e+03 3.774327709869093815e+04
6.498021423458792015e+03 3.859607379656870762e+04
6.500600148866031304e+03 3.898335156395939703e+04
6.503178942158183418e+03 3.960053379941554158e+04
6.505757803505450283e+03 3.940694424106910446e+04
6.508336733078301222e+03 3.891194045553860633e+04
6.510915731047458394e+03 3.794749008914387377e+04
6.513494797583904074e+03 3.697807662366890145e+04
6.516073932858884291e+03 3.595182561676244222e+04
6.518653137043899733e+03 3.615849231888629583e+04
6.521232410310712112e+03 3.677821062491167686e+04
6.523811752831341437e+03 3.694165582339714456e+04
6.526391164778070561e+03 3.718807631679728365e+04
6.528970646323436085e+03 3.759257750562162255e+04
6.531550197640238366e+03 3.725605081589822657e+04
6.534129818901535145e+03 3.739739142012508091e+04
6.536709510280644281e+03 3.699879093304381240e+04
6.539289271951141927e+03 3.661437957100578205e+04
6.541869104086865264e+03 3.649361649636828952e+04
6.544449006861907037e+03 3.601883311085122114e+04
6.547028980450625568e+03 3.587419946912013256e+04
6.549609025027632924e+03 3.526030182427866384e+04
6.552189140767803110e+03 3.513251302020844741e+04
6.554769327846266606e+03 3.503154571454495454e+04
6.557349586438418555e+03 3.450398335158065311e+04
6.559929916719909670e+03 3.425949058188257186e+04
6.562510318866648959e+03 3.350971805479456816e+04
6.565090793054807364e+03 3.350946186221489916e+04
6.567671339460813215e+03 3.405814556746445305e+04
6.570251958261356776e+03 3.435102165883386624e+04
6.572832649633384790e+03 3.470560273634604528e+04
6.575413413754104113e+03 3.644585592798752623e+04
6.577994250800980808e+03 3.641883316164708958e+04
6.580575160951742873e+03 3.596378253148992371e+04
6.583156144384372965e+03 3.527647165502423013e+04
6.585737201277117492e+03 3.400527113761902729e+04
6.588318331808478433e+03 3.385931181972448394e+04
6.590899536157220609e+03 3.372784347140779573e+04
6.593480814502365320e+03 3.353831151541947474e+04
6.596062167023193979e+03 3.413421672658285388e+04
6.598643593899249026e+03 3.367943957269840757e+04
6.601225095310328470e+03 3.450438809100660728e+04
6.603806671436494071e+03 3.404475787677680637e+04
6.606388322458064067e+03 3.355174224621211033e+04
6.608970048555614994e+03 3.338612108731807530e+04
6.611551849909987141e+03 3.350332758021658810e+04
6.614133726702276363e+03 3.320226851820975571e+04
6.616715679113838632e+03 3.316191888776580163e+04
6.619297707326289128e+03 3.314923465223453240e+04
6.621879811521503143e+03 3.343888900871291844e+04
6.624461991881615177e+03 3.301979245915163483e+04
6.627044248589018025e+03 3.283242307574641745e+04
6.629626581826364600e+03 3.267254807042618995e+04
6.632208991776567018e+03 3.256489316081294237e+04
6.634791478622796603e+03 3.217931017076616627e+04
6.637374042548483885e+03 3.202538378925038342e+04
6.639956683737319509e+03 3.247642254167540887e+04
6.642539402373251505e+03 3.179234203254741806e+04
6.645122198640490751e+03 3.210583275373277866e+04
6.647705072723502781e+03 3.161818251354662425e+04
6.650288024807015972e+03 3.155192610591635457e+04
6.652871055076017001e+03 3.163045672381218537e+04
6.655454163715752657e+03 3.123294332934168051e+04
6.658037350911726207e+03 3.099080560462295398e+04
6.660620616849702856e+03 3.116062563265393692e+04
6.663203961715706100e+03 3.134777994096798648e+04
6.665787385696021374e+03 3.143541641900096874e+04
6.668370888977187860e+03 3.133269489981404695e+04
6.670954471746009403e+03 3.101717101237838142e+04
6.673538134189546327e+03 3.048076742090383050e+04
6.676121876495119068e+03 3.095676454216026468e+04
6.678705698850308181e+03 3.095154112636316131e+04
6.681289601442951607e+03 3.107812394702258098e+04
6.683873584461149221e+03 3.023573651412659819e+04
6.686457648093255557e+03 3.007167381677315279e+04
6.689041792527890721e+03 3.053244918993028114e+04
6.691626017953929477e+03 3.062066108213636107e+04
6.694210324560508525e+03 3.019495804337713344e+04
6.696794712537021951e+03 3.033337847603197224e+04
6.699379182073123957e+03 3.068830883139610160e+04
6.701963733358727040e+03 3.053510332336285137e+04
6.704548366584007454e+03 3.030946721105416509e+04
6.707133081939393378e+03 3.095812394266448609e+04
6.709717879615578568e+03 3.110579998882746077e+04
6.712302759803513254e+03 3.052553789556757692e+04
6.714887722694407785e+03 3.022864828382313135e+04
6.717472768479730803e+03 3.026550449353125077e+04
6.720057897351211977e+03 3.013230169992888477e+04
6.722643109500838364e+03 2.984719382726899858e+04
6.725228405120858952e+03 3.019506282707264836e+04
6.727813784403779209e+03 3.012673911577009130e+04
6.730399247542364719e+03 2.997302860854088794e+04
6.732984794729641180e+03 2.941911185630119871e+04
6.735570426158894406e+03 2.924354354331280047e+04
6.738156142023666689e+03 2.893324384648236082e+04
6.740741942517761345e+03 2.890272539545009204e+04
6.743327827835242715e+03 2.849164223452628357e+04
6.745913798170430709e+03 2.873507652098852486e+04
6.748499853717907172e+03 2.898481529554214649e+04
6.751085994672512243e+03 2.896823195437234972e+04
6.753672221229347088e+03 2.465091963105653485e+04
6.756258533583769349e+03 2.799705772056641945e+04
6.758844931931398605e+03 2.811639430001376604e+04
6.761431416468110911e+03 2.825857106657270560e+04
6.764017987390045164e+03 2.787330405045942825e+04
6.766604644893595832e+03 2.812494638600291000e+04
6.769191389175421136e+03 2.817785363155860614e+04
6.771778220432433955e+03 2.804161458231248253e+04
6.774365138861809100e+03 2.860360066494443527e+04
6.776952144660980593e+03 2.770599530034153577e+04
6.779539238027640749e+03 2.747227025024463728e+04
6.782126419159743818e+03 2.699767723823606502e+04
6.784713688255498710e+03 2.732820279041048707e+04
6.787301045513377176e+03 2.761111212697951123e+04
6.789888491132111085e+03 2.722326506164171587e+04
6.792476025310686964e+03 2.751636572857746069e+04
6.795063648248356003e+03 2.761257529987233647e+04
6.797651360144625869e+03 2.746237398741661673e+04
6.800239161199262526e+03 2.702596876981221794e+04
6.802827051612293872e+03 2.747150188302813331e+04
6.805415031584007011e+03 2.730188221790672833e+04
6.808003101314945525e+03 2.686205004572775943e+04
6.810591261005915840e+03 2.704135528656913084e+04
6.813179510857980858e+03 2.713002794028543576e+04
6.815767851072463600e+03 2.711191094102533316e+04
6.818356281850947198e+03 2.661469619230672470e+04
6.820944803395273993e+03 2.646690061564719872e+04
6.823533415907544622e+03 2.605101667272603299e+04
6.826122119590119837e+03 2.683913754451562636e+04
6.828710914645620505e+03 2.750499465926230550e+04
6.831299801276923972e+03 2.763394439012076327e+04
6.833888779687170427e+03 2.725328902509542240e+04
6.836477850079756536e+03 2.689567448233624236e+04
6.839067012658340900e+03 2.644831565814884743e+04
6.841656267626838599e+03 2.635880564424608383e+04
6.844245615189424825e+03 2.627083698757223829e+04
6.846835055550536708e+03 2.617555136782125919e+04
6.849424588914866945e+03 2.566811035512725721e+04
6.852014215487371075e+03 2.546600210825983231e+04
6.854603935473260208e+03 2.586721033462463674e+04
6.857193749078007386e+03 2.575694163188846505e+04
6.859783656507344858e+03 2.616577297402580734e+04
6.862373657967264080e+03 2.645414129813713953e+04
6.864963753664012984e+03 2.596371677135072241e+04
6.867553943804103255e+03 2.080984578506954131e+04
6.870144228594303058e+03 1.675800547333891882e+04
6.872734608241640672e+03 1.685181840017401191e+04
6.875325082953403580e+03 1.863511949658940284e+04
6.877915652937138475e+03 2.079767750016165155e+04
6.880506318400652162e+03 2.321802677540445438e+04
6.883097079552009745e+03 2.359096403854623350e+04
6.885687936599535533e+03 2.276143840959279987e+04
6.888278889751814859e+03 2.179795044878845147e+04
6.890869939217690444e+03 2.166215105121045053e+04
6.893461085206265125e+03 2.269198172849397088e+04
6.896052327926900034e+03 2.168293101277243477e+04
6.898643667589218239e+03 2.212044969923227472e+04
6.901235104403098376e+03 2.266292170139961672e+04
6.903826638578682832e+03 2.221161882747154596e+04
6.906418270326368656e+03 2.325542629993655282e+04
6.909009999856816648e+03 2.332005277995027791e+04
6.911601827380942268e+03 2.368120422024873551e+04
6.914193753109924728e+03 2.350784916899264863e+04
6.916785777255199719e+03 2.345702173150802264e+04
6.919377900028463955e+03 2.341959209872352221e+04
6.921970121641670630e+03 2.391115352326241918e+04
6.924562442307036690e+03 2.399000011837665443e+04
6.927154862237035559e+03 2.385400300375852385e+04
6.929747381644398047e+03 2.339625323025988473e+04
6.932340000742118718e+03 2.361792217891687324e+04
6.934932719743449525e+03 2.372626677608958562e+04
6.937525538861900714e+03 2.376355459341012102e+04
6.940118458311242648e+03 2.349890592292616930e+04
6.942711478305503988e+03 2.287415733970584188e+04
6.945304599058976237e+03 2.362114998893142911e+04
6.947897820786205557e+03 2.382736568364620689e+04
6.950491143702001864e+03 2.378156124339610324e+04
6.953084568021429732e+03 2.396473031174542484e+04
6.955678093959815669e+03 2.308326565521333396e+04
6.958271721732746300e+03 2.318811496596364304e+04
6.960865451556066546e+03 2.335318522298367316e+04
6.963459283645879623e+03 2.376310096623550999e+04
6.966053218218550683e+03 2.399611103100967375e+04
6.968647255490701355e+03 2.454414408938897031e+04
6.971241395679213383e+03 2.393358955513135152e+04
6.973835639001229538e+03 2.382723682748010469e+04
6.976429985674149066e+03 2.403977873702181751e+04
6.979024435915633148e+03 2.445630880372862521e+04
6.981618989943600354e+03 2.445782871644168335e+04
6.984213647976231186e+03 2.342159422686716789e+04
6.986808410231960806e+03 2.327889999409892698e+04
6.989403276929489948e+03 2.267849292234059976e+04
6.991998248287772185e+03 2.250704804905740093e+04
6.994593324526024844e+03 2.267050518788304544e+04
6.997188505863723549e+03 2.275006600231668926e+04
6.999783792520602219e+03 2.277696909268561649e+04
7.002379184716654891e+03 2.312612115107166028e+04
7.004974682672134804e+03 2.244029142585298541e+04
7.007570286607555317e+03 2.217339971444949333e+04
7.010165996743686264e+03 2.320137186608327465e+04
7.012761813301560323e+03 2.289332565640106623e+04
7.015357736502468470e+03 2.234313058233857009e+04
7.017953766567959974e+03 2.241275341412199487e+04
7.020549903719843314e+03 2.274002891070600890e+04
7.023146148180187083e+03 2.230294527038741217e+04
7.025742500171319989e+03 2.227049349015602638e+04
7.028338959915828127e+03 2.248878621055300755e+04
7.030935527636557708e+03 2.333960894663400904e+04
7.033532203556614149e+03 2.405493098069634289e+04
7.036128987899364802e+03 2.338633482649255893e+04
7.038725880888430765e+03 2.267159029422290769e+04
7.041322882747696895e+03 2.247548604971588429e+04
7.043919993701307249e+03 2.295488738747004027e+04
7.046517213973662365e+03 2.257592639841755226e+04
7.049114543789424715e+03 2.197529453309499513e+04
7.051711983373515977e+03 2.156581140727790262e+04
7.054309532951114306e+03 2.141831338912252613e+04
7.056907192747659792e+03 2.171928399221788277e+04
7.059504962988852640e+03 2.154886119934135058e+04
7.062102843900649532e+03 2.177905115310999827e+04
7.064700835709268176e+03 2.229545360767454258e+04
7.067298938641186396e+03 2.253595492415627450e+04
7.069897152923138492e+03 2.250101989893454083e+04
7.072495478782120699e+03 2.253909519815819658e+04
7.075093916445388459e+03 2.181846287577920884e+04
7.077692466140455508e+03 2.133789308503068605e+04
7.080291128095092972e+03 2.090893539887323641e+04
7.082889902537335729e+03 2.087476709158701124e+04
7.085488789695476044e+03 2.118435007318532371e+04
7.088087789798062659e+03 2.119812619366313811e+04
7.090686903073909889e+03 2.218244110205856487e+04
7.093286129752084889e+03 2.164307511378558775e+04
7.095885470061916749e+03 2.110188060267014225e+04
7.098484924232994672e+03 2.075124382182113186e+04
7.101084492495167069e+03 2.043139170404815377e+04
7.103684175078540648e+03 2.012728867287227695e+04
7.106283972213481320e+03 2.014836134282726925e+04
7.108883884130615115e+03 2.016225372629598132e+04
7.111483911060828177e+03 2.027475276607426713e+04
7.114084053235263127e+03 2.038157447916751698e+04
7.116684310885324521e+03 2.049178027850503713e+04
7.119284684242676121e+03 2.077536945602907144e+04
7.121885173539239076e+03 2.034032104849286770e+04
7.124485779007194651e+03 2.038075990795359030e+04
7.127086500878986044e+03 2.022651732617806192e+04
7.129687339387312022e+03 1.999880525073013632e+04
7.132288294765130559e+03 1.970938226447954730e+04
7.134889367245663379e+03 1.962932730808117412e+04
7.137490557062387779e+03 1.940775229279120686e+04
7.140091864449041168e+03 1.922403894074209165e+04
7.142693289639619252e+03 1.919128073001833764e+04
7.145294832868379672e+03 1.975584863697535548e+04
7.147896494369837455e+03 2.027043812071118009e+04
7.150498274378767746e+03 2.074522896380529710e+04
7.153100173130203984e+03 1.929050241992017254e+04
7.155702190859439725e+03 1.941120815677109204e+04
7.158304327802027728e+03 1.916164743868820733e+04
7.160906584193780873e+03 1.902232434214506065e+04
7.163508960270768512e+03 1.862224889561348027e+04
7.166111456269323753e+03 1.772606632490211996e+04
7.168714072426034363e+03 1.673237815247640174e+04
7.171316808977750952e+03 1.625961599578369714e+04
7.173919666161581517e+03 1.511747607783108651e+04
7.176522644214894171e+03 1.535169367455642532e+04
7.179125743375317143e+03 1.602454576136622381e+04
7.181728963880736046e+03 1.620567282858928411e+04
7.184332305969295703e+03 1.471130535301954478e+04
7.186935769879401960e+03 1.362436860322579196e+04
7.189539355849720778e+03 1.493025648282908878e+04
7.192143064119174596e+03 1.519337044057047933e+04
7.194746894926945970e+03 1.442553280887294568e+04
7.197350848512479388e+03 1.541738607897319343e+04
7.199954925115474907e+03 1.485079391959753593e+04
7.202559124975892701e+03 1.515081002473325316e+04
7.205163448333956694e+03 1.529907864870645244e+04
7.207767895430142744e+03 1.609174067392934739e+04
7.210372466505190459e+03 1.702373859561467907e+04
7.212977161800100475e+03 1.847372046664293885e+04
7.215581981556128085e+03 1.768794194857216280e+04
7.218186926014792334e+03 1.760974233059517792e+04
7.220791995417867838e+03 1.812198123496040353e+04
7.223397190007390236e+03 1.811695690522860968e+04
7.226002510025655283e+03 1.768115764725078407e+04
7.228607955715215212e+03 1.750587531426761416e+04
7.231213527318886918e+03 1.686522162276054223e+04
7.233819225079740136e+03 1.491063640845998270e+04
7.236425049241108354e+03 1.508698767235400010e+04
7.239031000046582449e+03 1.744053403472357604e+04
7.241637077740013410e+03 1.720002765474616172e+04
7.244243282565511436e+03 1.723437347580477581e+04
7.246849614767445928e+03 1.748367888324454907e+04
7.249456074590445496e+03 1.670031995085030212e+04
7.252062662279397955e+03 1.556535664434260252e+04
7.254669378079450325e+03 1.539544602590296199e+04
7.257276222236010653e+03 1.661154548388909825e+04
7.259883194994743462e+03 1.626030130841470418e+04
7.262490296601575210e+03 1.611923312738562709e+04
7.265097527302688832e+03 1.547271330011812279e+04
7.267704887344529197e+03 1.624158576215296125e+04
7.270312376973800383e+03 1.697704208817414474e+04
7.272919996437463851e+03 1.617788001565961349e+04
7.275527745982741180e+03 1.601619124158162958e+04
7.278135625857114064e+03 1.604326526679881135e+04
7.280743636308321584e+03 1.603337251037399437e+04
7.283351777584366573e+03 1.751235195489863690e+04
7.285960049933504706e+03 1.793369209661792047e+04
7.288568453604257229e+03 1.600729133941830150e+04
7.291176988845399137e+03 1.494522261554075703e+04
7.293785655905970088e+03 1.539332194605930272e+04
7.296394455035264400e+03 1.663424918683964643e+04
7.299003386482840142e+03 1.692642709180238307e+04
7.301612450498509133e+03 1.596280807030995311e+04
7.304221647332346947e+03 1.609818650840385999e+04
7.306830977234687452e+03 1.618088106761818017e+04
7.309440440456124634e+03 1.605472006324235190e+04
7.312050037247508953e+03 1.605261960791081219e+04
7.314659767859952808e+03 1.726949893981463902e+04
7.317269632544826891e+03 1.802946042451480025e+04
7.319879631553760191e+03 1.669513832708650443e+04
7.322489765138645453e+03 1.703322986154504179e+04
7.325100033551627348e+03 1.764599451896047321e+04
7.327710437045116123e+03 1.790803925557633193e+04
7.330320975871779410e+03 1.814985876739833475e+04
7.332931650284543139e+03 1.774844382465290619e+04
7.335542460536595172e+03 1.696709095491993503e+04
7.338153406881378032e+03 1.783404170771638019e+04
7.340764489572598904e+03 1.926146733735505768e+04
7.343375708864218723e+03 1.909568967980186426e+04
7.345987065010463994e+03 1.714811638867946021e+04
7.348598558265815882e+03 1.696417631910434648e+04
7.351210188885015668e+03 1.663347124099065331e+04
7.353821957123067477e+03 1.693327436725814914e+04
7.356433863235228273e+03 1.732628516777664845e+04
7.359045907477018773e+03 1.762106497991258584e+04
7.361658090104219809e+03 1.728372824585465059e+04
7.364270411372868693e+03 1.737546292330563301e+04
7.366882871539262851e+03 1.760959346689108133e+04
7.369495470859960733e+03 1.835748009653275949e+04
7.372108209591777268e+03 1.831089312321064426e+04
7.374721087991789318e+03 1.768223521649399481e+04
7.377334106317332044e+03 1.737007834643107344e+04
7.379947264825997991e+03 1.702695504810588318e+04
7.382560563775643459e+03 1.684655936714177733e+04
7.385174003424379407e+03 1.691353376869800559e+04
7.387787584030578728e+03 1.657695089530606856e+04
7.390401305852874430e+03 1.717322344549272748e+04
7.393015169150154179e+03 1.733758864783168247e+04
7.395629174181572125e+03 1.745629167525940647e+04
7.398243321206535256e+03 1.697205839222078430e+04
7.400857610484712495e+03 1.775356142680385892e+04
7.403472042276032880e+03 1.800864835943378057e+04
7.406086616840684655e+03 1.723747740969373626e+04
7.408701334439113452e+03 1.693022349599585868e+04
7.411316195332025018e+03 1.689783250188689635e+04
7.413931199780387033e+03 1.637454734376222041e+04
7.416546348045421837e+03 1.684474110413151357e+04
7.419161640388613705e+03 1.681833253762883032e+04
7.421777077071707026e+03 1.680575412534548377e+04
7.424392658356704487e+03 1.700699037579029755e+04
7.427008384505867070e+03 1.682752152666214897e+04
7.429624255781717693e+03 1.704558126956182969e+04
7.432240272447035750e+03 1.715459560353778215e+04
7.434856434764861660e+03 1.644799636535243917e+04
7.437472742998494141e+03 1.705866928732568340e+04
7.440089197411492933e+03 1.732903670148745368e+04
7.442705798267674254e+03 1.703519651431835882e+04
7.445322545831117168e+03 1.664750520172640609e+04
7.447939440366157214e+03 1.679389182976401571e+04
7.450556482137390049e+03 1.671310805763510143e+04
7.453173671409671442e+03 1.665574001909420622e+04
7.455791008448115463e+03 1.633706599198237927e+04
7.458408493518094474e+03 1.641331262520896053e+04
7.461026126885244594e+03 1.628480728629885016e+04
7.463643908815456598e+03 1.648084429668567100e+04
7.466261839574882288e+03 1.681816102754426174e+04
7.468879919429932670e+03 1.659611190829866246e+04
7.471498148647277958e+03 1.643414879187285260e+04
7.474116527493847570e+03 1.714200581031576803e+04
7.476735056236831952e+03 4.013406009245057248e+03
