# Wavelength (A) 	 Flux
3.903685485186655569e+03 1.587874218962089799e+05
3.906244123240863701e+03 1.656638955059313739e+05
3.908802760797866995e+03 1.548360195497852983e+05
3.911361397849706918e+03 1.621132357310744992e+05
3.913920034388571821e+03 1.621919603081006499e+05
3.916478670406794208e+03 1.550481590163442306e+05
3.919037305896852104e+03 1.586830335070242290e+05
3.921595940851369505e+03 1.490928014454337244e+05
3.924154575263115476e+03 1.385324018722393666e+05
3.926713209125004141e+03 1.131157098900503624e+05
3.929271842430095603e+03 9.887204019565360795e+04
3.931830475171595481e+03 1.085677373915278877e+05
3.934389107342854459e+03 1.011344518250028341e+05
3.936947738937368285e+03 1.107269032414217654e+05
3.939506369948779593e+03 1.224419935227060632e+05
3.942065000370874259e+03 1.361605929685676238e+05
3.944623630197585044e+03 1.464856507590347028e+05
3.947182259422990228e+03 1.512375396093253221e+05
3.949740888041313156e+03 1.608599142341033148e+05
3.952299516046921781e+03 1.613580552548237902e+05
3.954858143434330486e+03 1.679542688712880772e+05
3.957416770198199174e+03 1.510457515035248362e+05
3.959975396333332810e+03 1.390764389661743480e+05
3.962534021834680971e+03 1.304817754536118009e+05
3.965092646697340570e+03 1.150114101855508052e+05
3.967651270916551766e+03 1.064320844727785588e+05
3.970209894487701604e+03 1.024007309121222352e+05
3.972768517406322189e+03 1.127035221174620674e+05
3.975327139668091149e+03 1.297603618089799711e+05
3.977885761268831175e+03 1.546455343225332035e+05
3.980444382204510021e+03 1.537127464283378504e+05
3.983003002471242326e+03 1.609541249926710152e+05
3.985561622065286429e+03 1.638515451780637377e+05
3.988120240983047552e+03 1.687437538359184400e+05
3.990678859221075072e+03 1.842141533968213189e+05
3.993237476776064341e+03 1.667272707991694042e+05
3.995796093644856683e+03 1.716174822429907217e+05
3.998354709824438032e+03 1.717753684016570332e+05
4.000913325311939843e+03 1.708042979609720642e+05
4.003471940104639543e+03 1.696247842042411794e+05
4.006030554199959170e+03 1.719396901346044906e+05
4.008589167595466733e+03 1.584463935049681750e+05
4.011147780288875765e+03 1.601347662529135705e+05
4.013706392278044859e+03 1.682072147765460541e+05
4.016265003560978130e+03 1.664196759208699514e+05
4.018823614135824755e+03 1.645309668265184155e+05
4.021382224000880342e+03 1.608674209851374326e+05
4.023940833154585107e+03 1.625783368861716590e+05
4.026499441595524331e+03 1.595393866193596041e+05
4.029058049322430179e+03 1.554280836909115606e+05
4.031616656334178060e+03 1.392540657574900542e+05
4.034175262629791177e+03 1.505415139986846771e+05
4.036733868208436434e+03 1.471726939367917366e+05
4.039292473069427160e+03 1.538788057073561940e+05
4.041851077212220844e+03 1.540618671932634898e+05
4.044409680636421854e+03 1.683551279130667681e+05
4.046968283341779170e+03 1.903040319822967867e+05
4.049526885328187745e+03 1.619379874930697260e+05
4.052085486595686689e+03 1.441713104069338588e+05
4.054644087144461992e+03 1.350456999234192190e+05
4.057202686974844255e+03 1.311915372787957022e+05
4.059761286087310054e+03 1.257814533979680127e+05
4.062319884482480575e+03 1.178188774802886619e+05
4.064878482161123429e+03 1.168879440012815612e+05
4.067437079124150841e+03 1.228923826740595832e+05
4.069995675372620099e+03 1.211147491269858438e+05
4.072554270907735372e+03 1.194675474780398363e+05
4.075112865730845442e+03 1.187039488301830715e+05
4.077671459843443699e+03 1.166716394261717505e+05
4.080230053247169963e+03 1.246846603709303308e+05
4.082788645943809570e+03 1.160580402986801200e+05
4.085347237935292924e+03 1.204477873807103751e+05
4.087905829223695946e+03 1.211481736525160959e+05
4.090464419811239168e+03 1.217436796736796969e+05
4.093023009700289549e+03 1.158185545849768241e+05
4.095581598893359569e+03 1.132643100571465184e+05
4.098140187393106316e+03 1.039438916387165082e+05
4.100698775202333309e+03 9.763171431856681011e+04
4.103257362323987763e+03 9.667405712803093775e+04
4.105815948761164691e+03 1.055945555037998856e+05
4.108374534517102802e+03 1.088805216497388174e+05
4.110933119595185417e+03 1.106914637291369290e+05
4.113491703998945013e+03 1.139315894065583998e+05
4.116050287732055040e+03 1.137372050982893707e+05
4.118608870798336284e+03 1.101568947906743560e+05
4.121167453201756871e+03 9.715143790612425073e+04
4.123726034946426807e+03 1.096679510366344184e+05
4.126284616036603438e+03 1.090138926601038838e+05
4.128843196476688718e+03 1.078130016446722439e+05
4.131401776271232848e+03 1.067415911269420467e+05
4.133960355424926092e+03 1.026902397493519093e+05
4.136518933942609692e+03 1.062606003938953218e+05
4.139077511829266768e+03 1.103169807405535685e+05
4.141636089090026871e+03 1.096255616903962946e+05
4.144194665730165980e+03 1.029103076790339692e+05
4.146753241755102863e+03 1.057301943400340970e+05
4.149311817170404538e+03 1.073402967952933250e+05
4.151870391981781722e+03 1.036702678708566818e+05
4.154428966195090652e+03 1.016937338511210983e+05
4.156987539816334902e+03 1.017503081494023500e+05
4.159546112851661746e+03 1.057663464525900927e+05
4.162104685307362161e+03 1.118030880224705179e+05
4.164663257189877186e+03 1.128205806349229097e+05
4.167221828505788835e+03 1.094372340696832543e+05
4.169780399261826460e+03 1.065522986402863171e+05
4.172338969464864931e+03 1.041263609907116770e+05
4.174897539121924638e+03 1.004545004162878904e+05
4.177456108240170579e+03 1.017378649082899938e+05
4.180014676826914183e+03 1.049610338286747719e+05
4.182573244889610578e+03 1.067816962256385450e+05
4.185131812435862230e+03 1.030383637654294726e+05
4.187690379473416215e+03 1.045102901381811389e+05
4.190248946010165128e+03 1.071995778222833032e+05
4.192807512054147082e+03 1.087508733494613552e+05
4.195366077613544803e+03 1.097791389837920869e+05
4.197924642696687442e+03 1.042766390400555247e+05
4.200483207312049672e+03 1.067676501288065629e+05
4.203041771468249863e+03 1.044343299727996346e+05
4.205600335174053725e+03 1.113940408555416361e+05
4.208158898438372489e+03 1.125790607869476080e+05
4.210717461270261083e+03 1.157352518966451316e+05
4.213276023678920865e+03 1.173606573875499598e+05
4.215834585673698712e+03 1.151763480517167482e+05
4.218393147264087020e+03 1.158623569049161597e+05
4.220951708459722795e+03 1.200953120863170625e+05
4.223510269270388562e+03 1.163679068138877774e+05
4.226068829706014185e+03 1.006446964525154763e+05
4.228627389776672317e+03 1.047245028212709294e+05
4.231185949492582949e+03 1.211485405718932161e+05
4.233744508864109775e+03 1.174119519810557103e+05
4.236303067901763825e+03 1.124207760979303421e+05
4.238861626616199828e+03 1.155556611522071762e+05
4.241420185018218035e+03 1.176113852229746117e+05
4.243978743118766943e+03 1.206167500825988245e+05
4.246537300928936020e+03 1.242111028173513623e+05
4.249095858459963893e+03 1.145952555758234957e+05
4.251654415723231978e+03 1.142162940178549907e+05
4.254212972730269030e+03 1.160939347093951801e+05
4.256771529492748414e+03 1.209807224162876373e+05
4.259330086022488103e+03 1.142750183133969113e+05
4.261888642331453411e+03 1.111094643688205688e+05
4.264447198431753350e+03 1.244443790956662124e+05
4.267005754335643360e+03 1.235388394050328789e+05
4.269564310055522583e+03 1.172353639056990651e+05
4.272122865603939317e+03 1.078178307818371395e+05
4.274681420993582833e+03 1.092145806340869894e+05
4.277239976237290648e+03 1.190052279162439954e+05
4.279798531348044889e+03 1.215569922649794025e+05
4.282357086338973204e+03 1.203458287812089402e+05
4.284915641223347848e+03 1.224822662154845020e+05
4.287474196014588415e+03 1.165207304473550030e+05
4.290032750726258200e+03 1.103645806754535006e+05
4.292591305372066017e+03 1.141185647983475646e+05
4.295149859965866199e+03 1.122523789726521936e+05
4.297708414521660416e+03 1.116065182730241795e+05
4.300266969053592220e+03 1.000449564488706819e+05
4.302825523575954321e+03 9.787573619408720697e+04
4.305384078103181309e+03 1.017087409644499712e+05
4.307942632649856932e+03 9.502337761381687596e+04
4.310501187230705909e+03 9.735331691492568643e+04
4.313059741860603026e+03 1.045451643211229530e+05
4.315618296554564949e+03 1.233374242517570674e+05
4.318176851327755685e+03 1.377795687144874246e+05
4.320735406195483847e+03 1.400074092952165811e+05
4.323293961173203570e+03 1.259817586344143201e+05
4.325852516276514507e+03 1.142874158536536852e+05
4.328411071521161830e+03 1.258616613876358751e+05
4.330969626923036230e+03 1.372446929001808749e+05
4.333528182498173919e+03 1.366790649908377382e+05
4.336086738262754807e+03 1.329999283044762560e+05
4.338645294233107052e+03 1.232567206464455812e+05
4.341203850425702512e+03 1.110373594450773089e+05
4.343762406857158567e+03 1.191329192214798095e+05
4.346320963544238111e+03 1.343724225731873303e+05
4.348879520503849562e+03 1.400585549397047726e+05
4.351438077753046855e+03 1.352402633612937352e+05
4.353996635309029443e+03 1.336357991918084153e+05
4.356555193189142301e+03 2.045381458867327019e+05
4.359113751410875011e+03 3.224395423320386908e+05
4.361672309991862676e+03 2.561227793822765816e+05
4.364230868949886826e+03 1.588411022167342890e+05
4.366789428302873603e+03 1.520327688205158629e+05
4.369347988068894665e+03 1.447029960756628425e+05
4.371906548266167192e+03 1.442303116719502432e+05
4.374465108913054792e+03 1.395077854270347161e+05
4.377023670028063862e+03 1.380397345473823952e+05
4.379582231629848138e+03 1.413967481864033616e+05
4.382140793737207787e+03 1.366529648933908320e+05
4.384699356369085763e+03 1.236671029077556013e+05
4.387257919544572360e+03 1.291120618730375863e+05
4.389816483282902482e+03 1.350279199064156564e+05
4.392375047603456551e+03 1.375431872807098262e+05
4.394933612525760509e+03 1.423119934720107412e+05
4.397492178069485817e+03 1.472442056796480611e+05
4.400050744254449455e+03 1.438769780859715247e+05
4.402609311100613013e+03 1.423621710634924530e+05
4.405167878628084509e+03 1.371825339739889896e+05
4.407726446857117480e+03 1.398353019089943846e+05
4.410285015808109165e+03 1.473336343706223706e+05
4.412843585501605048e+03 1.534815110447047336e+05
4.415402155958292497e+03 1.475254102666933904e+05
4.417960727199007124e+03 1.502740397814414755e+05
4.420519299244729154e+03 1.557651109729316377e+05
4.423077872116584331e+03 1.518204243473356473e+05
4.425636445835842096e+03 1.532679015849366551e+05
4.428195020423921051e+03 1.575605833733729960e+05
4.430753595902381676e+03 1.561904597647985211e+05
4.433312172292931791e+03 1.529329880401204573e+05
4.435870749617422916e+03 1.544838705606584263e+05
4.438429327897854819e+03 1.606240511671870772e+05
4.440987907156369147e+03 1.566417908148460847e+05
4.443546487415254887e+03 1.547336886922836711e+05
4.446105068696948365e+03 1.567785695322755200e+05
4.448663651024026876e+03 1.586793878491754294e+05
4.451222234419216875e+03 1.592856786055217381e+05
4.453780818905388514e+03 1.562726667138077901e+05
4.456339404505557468e+03 1.562932074012026133e+05
4.458897991242886746e+03 1.527584957132646814e+05
4.461456579140680333e+03 1.520330937617886229e+05
4.464015168222393186e+03 1.530242463334844506e+05
4.466573758511621236e+03 1.576381453479441989e+05
4.469132350032107752e+03 1.567319482563993079e+05
4.471690942807741521e+03 1.584290266168383241e+05
4.474249536862555942e+03 1.628340333767715492e+05
4.476808132220730840e+03 1.632538661845228053e+05
4.479366728906591561e+03 1.620104855818564247e+05
4.481925326944607150e+03 1.547881983768891369e+05
4.484483926359393081e+03 1.549712792738459539e+05
4.487042527175711257e+03 1.632759283224468236e+05
4.489601129418467281e+03 1.579693047706524376e+05
4.492159733112713184e+03 1.571275820029195456e+05
4.494718338283645608e+03 1.573638335328433022e+05
4.497276944956608531e+03 1.572635647305031889e+05
4.499835553157088725e+03 1.614824357128250704e+05
4.502394162910721207e+03 1.621430720402753504e+05
4.504952774243282875e+03 1.619763107491277333e+05
4.507511387180698875e+03 1.668175791631453030e+05
4.510070001749039875e+03 1.639807928029199829e+05
4.512628617974520239e+03 1.705025363221035514e+05
4.515187235883499852e+03 1.592443876918679744e+05
4.517745855502485028e+03 1.595685825119939400e+05
4.520304476858128510e+03 1.600179859090977989e+05
4.522863099977224920e+03 1.595221899105730408e+05
4.525421724886718948e+03 1.528983000638526282e+05
4.527980351613696257e+03 1.448058915426449385e+05
4.530538980185390756e+03 1.420946139852164779e+05
4.533097610629180053e+03 1.445279050274027104e+05
4.535656242972589098e+03 1.437684170051136462e+05
4.538214877243287447e+03 1.475597264407994517e+05
4.540773513469089266e+03 1.490049992796220176e+05
4.543332151677954243e+03 1.466115557316642371e+05
4.545890791897988493e+03 1.463180911802154733e+05
4.548449434157442738e+03 1.405186240115137189e+05
4.551008078484713224e+03 1.378025501783575455e+05
4.553566724908342621e+03 1.357279737912126293e+05
4.556125373457018213e+03 1.368959365541186708e+05
4.558684024159570981e+03 1.395558474934686674e+05
4.561242677044981065e+03 1.429894219157356420e+05
4.563801332142370484e+03 1.423319779774465715e+05
4.566359989481008597e+03 1.368561232329868071e+05
4.568918649090310282e+03 1.347538123269384960e+05
4.571477310999835026e+03 1.354382189058570075e+05
4.574035975239286927e+03 1.331273106473384832e+05
4.576594641838518328e+03 1.375521180625933630e+05
4.579153310827523455e+03 1.335099916340811178e+05
4.581711982236445692e+03 1.281537511750410486e+05
4.584270656095570303e+03 1.241234756907393748e+05
4.586829332435329889e+03 1.262765776060040516e+05
4.589388011286301662e+03 1.271491465302029101e+05
4.591946692679210173e+03 1.263544993288236437e+05
4.594505376644922762e+03 1.222851289365125995e+05
4.597064063214453199e+03 1.213057023804199998e+05
4.599622752418961682e+03 1.224361606749008934e+05
4.602181444289753017e+03 1.208428417356933205e+05
4.604740138858276623e+03 1.204484297302585182e+05
4.607298836156128345e+03 1.205869350620297191e+05
4.609857536215048640e+03 1.228291907853355078e+05
4.612416239066925300e+03 1.213822887204170547e+05
4.614974944743788910e+03 1.201557133171457535e+05
4.617533653277817393e+03 1.196007825119175686e+05
4.620092364701333281e+03 1.183725745308103942e+05
4.622651079046805535e+03 1.179132558580091136e+05
4.625209796346845906e+03 1.192349065349232114e+05
4.627768516634214393e+03 1.169647385278729635e+05
4.630327239941814696e+03 1.188348702828273526e+05
4.632885966302696943e+03 1.161307378591129382e+05
4.635444695750056781e+03 1.140620611378927133e+05
4.638003428317235375e+03 1.124940084614944935e+05
4.640562164037716684e+03 1.106741477633317845e+05
4.643120902945132912e+03 1.112596141232681548e+05
4.645679645073262691e+03 1.094535592806106870e+05
4.648238390456025627e+03 1.056417517042779946e+05
4.650797139127491391e+03 1.066435561279656249e+05
4.653355891121872446e+03 1.104851330486438819e+05
4.655914646473527682e+03 1.069539840116634587e+05
4.658473405216959691e+03 1.081563632779703912e+05
4.661032167386818401e+03 1.114346361860877514e+05
4.663590933017900170e+03 1.083717831023573672e+05
4.666149702145143237e+03 1.051159396667443798e+05
4.668708474803634090e+03 1.004025369432654697e+05
4.671267251028603823e+03 1.042892722532609332e+05
4.673826030855429053e+03 1.064564464551082638e+05
4.676384814319630095e+03 1.062185946251135174e+05
4.678943601456876422e+03 1.048549157631449634e+05
4.681502392302979388e+03 1.016847030185613548e+05
4.684061186893897684e+03 1.019483646150035493e+05
4.686619985265734613e+03 1.013677854604213207e+05
4.689178787454738995e+03 1.014085984177046048e+05
4.691737593497305170e+03 9.969543624243362865e+04
4.694296403429972997e+03 9.994001667465246283e+04
4.696855217289428765e+03 9.974423484029682004e+04
4.699414035112501551e+03 9.627543855654567597e+04
4.701972856936167773e+03 9.639431576841163042e+04
4.704531682797549365e+03 9.271999221432376362e+04
4.707090512733912874e+03 9.292136611099733273e+04
4.709649346782670364e+03 9.227089512536034454e+04
4.712208184981380327e+03 9.308042819831911766e+04
4.714767027367744959e+03 9.338190826322851353e+04
4.717325873979613789e+03 9.240685593754038564e+04
4.719884724854980050e+03 9.806277250019767962e+04
4.722443580031982492e+03 9.704744451755619957e+04
4.725002439548908114e+03 9.640125304799914011e+04
4.727561303444184887e+03 9.387334815505682491e+04
4.730120171756389027e+03 8.887449846738105407e+04
4.732679044524243182e+03 8.899061206203541951e+04
4.735237921786610968e+03 8.925091730051006016e+04
4.737796803582506982e+03 8.923853011143465119e+04
4.740355689951087697e+03 8.996998042354636709e+04
4.742914580931654200e+03 9.033399297783996735e+04
4.745473476563656732e+03 9.188924525647456176e+04
4.748032376886688326e+03 9.027877040657820180e+04
4.750591281940487534e+03 9.113419056582926714e+04
4.753150191764938427e+03 9.016095841173677763e+04
4.755709106400072415e+03 8.862518258865545795e+04
4.758268025886062787e+03 8.699259948993707076e+04
4.760826950263231083e+03 8.710613904037477914e+04
4.763385879572043450e+03 8.577234689777388121e+04
4.765944813853111555e+03 8.130156119231844787e+04
4.768503753147191674e+03 8.348556232122999791e+04
4.771062697495186512e+03 8.504404176202535746e+04
4.773621646938143385e+03 8.470147919420684048e+04
4.776180601517256036e+03 8.579367579688660044e+04
4.778739561273862819e+03 8.703525202210513817e+04
4.781298526249447605e+03 8.545554443179338705e+04
4.783857496485639786e+03 8.534061097538234026e+04
4.786416472024215182e+03 8.365365987526484241e+04
4.788975452907092404e+03 8.070022032144576951e+04
4.791534439176337401e+03 8.226236614358003135e+04
4.794093430874162550e+03 8.299961167621477216e+04
4.796652428042923020e+03 8.422381158925720956e+04
4.799211430725121318e+03 8.133192157064023195e+04
4.801770438963404558e+03 8.178234852216715808e+04
4.804329452800566287e+03 8.089188826066772162e+04
4.806888472279542839e+03 8.164119792503071949e+04
4.809447497443419707e+03 8.011279196527156455e+04
4.812006528335424264e+03 8.077400946148153162e+04
4.814565564998933041e+03 8.087288788463028322e+04
4.817124607477463542e+03 8.135366071659050067e+04
4.819683655814682425e+03 8.219441103600955103e+04
4.822242710054399140e+03 8.303315244689075917e+04
4.824801770240572296e+03 8.089721150701621082e+04
4.827360836417300561e+03 8.034871240410899918e+04
4.829919908628831763e+03 7.935031367486946692e+04
4.832478986919559247e+03 7.837401879874826409e+04
4.835038071334020060e+03 7.862414717582652520e+04
4.837597161916896766e+03 7.909599287608453596e+04
4.840156258713019270e+03 7.721808126754785189e+04
4.842715361767360264e+03 7.681510168810778123e+04
4.845274471125039781e+03 7.767173229873912351e+04
4.847833586831322464e+03 7.875641147998282395e+04
4.850392708931619381e+03 7.727210425792704336e+04
4.852951837471485305e+03 7.724215820749830164e+04
4.855510972496622344e+03 7.362272887986426940e+04
4.858070114052875397e+03 7.140538860487326747e+04
4.860629262186237611e+03 6.392574924394859408e+04
4.863188416942844924e+03 6.228470741961217573e+04
4.865747578368982431e+03 6.860687594511467614e+04
4.868306746511077108e+03 7.243414629258656350e+04
4.870865921415701450e+03 7.099242134242151224e+04
4.873425103129576200e+03 6.908135785188135924e+04
4.875984291699565802e+03 7.255824578556198685e+04
4.878543487172678397e+03 7.384574237353474018e+04
4.881102689596071286e+03 7.482577127872010169e+04
4.883661899017043652e+03 7.438650457741660648e+04
4.886221115483042013e+03 7.189808761805034010e+04
4.888780339041658408e+03 7.004463958194298903e+04
4.891339569740628576e+03 6.798417597576843400e+04
4.893898807627836504e+03 7.073310258886513475e+04
4.896458052751308969e+03 7.517260003747291921e+04
4.899017305159219177e+03 7.539154776393085194e+04
4.901576564899886762e+03 7.492262967240228318e+04
4.904135832021774149e+03 7.298559278036058822e+04
4.906695106573492012e+03 7.289120246354458504e+04
4.909254388603793814e+03 7.246377749386869255e+04
4.911813678161581265e+03 7.080150947302888380e+04
4.914372975295899778e+03 7.222626619298526202e+04
4.916932280055940282e+03 7.347043983581702923e+04
4.919491592491040137e+03 6.631744656350435980e+04
4.922050912650679493e+03 6.452699076794034772e+04
4.924610240584486746e+03 6.647672214486989833e+04
4.927169576342234905e+03 6.888164244574008626e+04
4.929728919973841585e+03 7.169584402710087306e+04
4.932288271529370832e+03 7.042572510148338915e+04
4.934847631059032210e+03 6.852339788483166194e+04
4.937406998613178985e+03 6.602074478550170898e+04
4.939966374242311758e+03 6.598825663076702040e+04
4.942525757997074834e+03 6.826650565906718839e+04
4.945085149928261671e+03 6.893421127860028355e+04
4.947644550086804884e+03 6.933838413987543026e+04
4.950203958523788060e+03 6.992872392836498329e+04
4.952763375290438489e+03 7.000224963615230809e+04
4.955322800438127160e+03 6.914130745759644196e+04
4.957882234018372401e+03 6.466052421631228935e+04
4.960441676082837148e+03 6.553283543317732983e+04
4.963001126683331677e+03 7.045916030146658886e+04
4.965560585871808144e+03 6.895581613331811968e+04
4.968120053700366952e+03 7.019877212999791664e+04
4.970679530221252207e+03 6.794958246154891094e+04
4.973239015486855351e+03 6.945444526749291981e+04
4.975798509549710616e+03 7.160125750356529898e+04
4.978358012462500483e+03 7.119183438820736774e+04
4.980917524278051133e+03 7.270089223685978504e+04
4.983477045049335175e+03 7.186221904097317019e+04
4.986036574829468009e+03 7.088389046570024220e+04
4.988596113671714193e+03 7.224952918123739073e+04
4.991155661629481983e+03 7.032211460024885309e+04
4.993715218756324248e+03 6.776265254810027545e+04
4.996274785105939372e+03 6.740280624810764857e+04
4.998834360732173991e+03 6.561422900848656718e+04
5.001393945689016618e+03 6.360021516861460987e+04
5.003953540030603108e+03 6.286055823453424819e+04
5.006513143811213013e+03 6.062927971606735809e+04
5.009072757085273224e+03 6.200996999444823450e+04
5.011632379907356153e+03 6.220288072730993736e+04
5.014192012332177910e+03 5.958242188462535705e+04
5.016751654414600125e+03 5.880906142082053702e+04
5.019311306209632676e+03 5.905425563861384580e+04
5.021870967772427321e+03 5.908490007806299400e+04
5.024430639158282247e+03 5.995631816612342664e+04
5.026990320422642981e+03 6.015162454136292217e+04
5.029550011621098747e+03 6.029804172862392443e+04
5.032109712809383382e+03 6.127701870889042766e+04
5.034669424043378967e+03 6.125176289210421965e+04
5.037229145379109468e+03 5.904539482698109350e+04
5.039788876872746187e+03 5.732316397886412597e+04
5.042348618580606853e+03 5.668374790828667756e+04
5.044908370559152900e+03 5.902160523518744594e+04
5.047468132864991276e+03 6.071124911151845299e+04
5.050027905554876270e+03 5.863353215257906413e+04
5.052587688685704052e+03 5.891168106500899739e+04
5.055147482314519948e+03 5.944698815822335746e+04
5.057707286498512985e+03 6.030252382981429400e+04
5.060267101295015891e+03 6.108739412059101596e+04
5.062826926761510549e+03 6.108774357081444759e+04
5.065386762955621634e+03 5.961173833036918222e+04
5.067946609935120250e+03 5.736035517421915574e+04
5.070506467757921200e+03 5.798378075434111815e+04
5.073066336482088445e+03 5.826409222650634183e+04
5.075626216165826918e+03 5.725419195607363508e+04
5.078186106867488888e+03 5.715964561883180431e+04
5.080746008645573966e+03 5.544241823312346241e+04
5.083305921558724549e+03 5.514678155473645165e+04
5.085865845665728557e+03 5.751373821975926694e+04
5.088425781025522156e+03 5.763390616187907290e+04
5.090985727697181574e+03 5.783315762620405440e+04
5.093545685739934925e+03 5.812609566873128642e+04
5.096105655213151294e+03 5.726334684377110534e+04
5.098665636176346197e+03 5.461081488348628045e+04
5.101225628689181576e+03 5.489991619359923789e+04
5.103785632811463074e+03 5.643139082932326710e+04
5.106345648603142763e+03 5.637699780292667128e+04
5.108905676124319143e+03 5.586546583832257602e+04
5.111465715435234415e+03 5.618799598591166432e+04
5.114025766596276299e+03 5.682049624972416495e+04
5.116585829667979851e+03 5.713696803461216768e+04
5.119145904711022922e+03 5.811003466588706942e+04
5.121705991786230697e+03 5.673666511065753730e+04
5.124266090954572064e+03 5.508092767839218868e+04
5.126826202277164157e+03 5.378032823592743807e+04
5.129386325815266900e+03 5.410471586032596679e+04
5.131946461630285739e+03 5.436721689073376911e+04
5.134506609783773456e+03 5.457072815136338613e+04
5.137066770337425623e+03 5.402106487745025515e+04
5.139626943353086972e+03 5.366731670187618147e+04
5.142187128892743203e+03 5.415590482379391324e+04
5.144747327018529177e+03 5.290642330719637539e+04
5.147307537792721632e+03 5.299534640031403251e+04
5.149867761277747377e+03 5.500561929948091711e+04
5.152427997536173280e+03 5.560782896263145085e+04
5.154988246630716276e+03 5.621683043057845498e+04
5.157548508624236092e+03 5.529703847726489039e+04
5.160108783579737974e+03 5.501617055113011156e+04
5.162669071560373595e+03 5.343075547191534861e+04
5.165229372629439240e+03 5.060430288803824806e+04
5.167789686850377620e+03 4.578276436159613513e+04
5.170350014286776059e+03 4.579687959926812619e+04
5.172910355002366487e+03 4.438181370215318748e+04
5.175470709061028174e+03 4.669114699962281884e+04
5.178031076526785000e+03 5.169972744326054089e+04
5.180591457463805455e+03 5.146501218798869377e+04
5.183151851936403546e+03 4.646975693898877944e+04
5.185712260009040619e+03 4.519395323251896480e+04
5.188272681746321723e+03 4.988126027622074616e+04
5.190833117212996513e+03 4.985196684815202752e+04
5.193393566473962892e+03 4.933930114357946877e+04
5.195954029594261556e+03 4.913184983586017188e+04
5.198514506639079627e+03 4.971154678069051442e+04
5.201074997673748840e+03 5.157933839781340066e+04
5.203635502763748264e+03 5.125493174779947731e+04
5.206196021974700670e+03 4.895764571358976536e+04
5.208756555372375260e+03 4.832989597337789019e+04
5.211317103022685842e+03 4.993844780198858643e+04
5.213877664991691745e+03 5.096366299878415884e+04
5.216438241345597817e+03 4.960276431085907097e+04
5.218998832150755334e+03 4.982228364941124164e+04
5.221559437473659273e+03 5.046167102388353669e+04
5.224120057380951039e+03 5.051404492136640329e+04
5.226680691939417557e+03 4.703511360451080691e+04
5.229241341215990360e+03 4.697993836223451945e+04
5.231802005277747412e+03 4.875287065158922633e+04
5.234362684191911285e+03 4.824600365711318591e+04
5.236923378025850980e+03 4.863090092949336395e+04
5.239484086847080107e+03 4.979354832722651190e+04
5.242044810723255978e+03 5.018228135038269102e+04
5.244605549722185970e+03 4.970899885086322320e+04
5.247166303911817522e+03 5.010501234971337544e+04
5.249727073360249051e+03 4.825333915341339161e+04
5.252287858135718125e+03 4.831549766828416614e+04
5.254848658306613288e+03 4.821287178774994391e+04
5.257409473941464057e+03 4.948461076021922054e+04
5.259970305108950015e+03 5.040733385153757990e+04
5.262531151877891716e+03 4.773024380187445786e+04
5.265092014317258872e+03 4.563775398310533637e+04
5.267652892496162167e+03 4.522942468008963624e+04
5.270213786483862350e+03 4.482225947088179237e+04
5.272774696349763872e+03 4.625084609528427245e+04
5.275335622163414882e+03 4.672113432710304915e+04
5.277896563994511780e+03 4.683748818056564050e+04
5.280457521912893753e+03 4.683261624335715169e+04
5.283018495988547329e+03 4.611269630640648393e+04
5.285579486291603644e+03 4.634410171478737902e+04
5.288140492892338443e+03 4.774373539640635136e+04
5.290701515861175722e+03 4.825826211482393410e+04
5.293262555268681353e+03 4.805850339243088092e+04
5.295823611185569462e+03 4.749254160256145406e+04
5.298384683682696959e+03 4.588318809601758403e+04
5.300945772831069007e+03 4.574146116815336427e+04
5.303506878701833557e+03 4.628542771602790162e+04
5.306068001366286808e+03 4.737926257285531756e+04
5.308629140895866840e+03 4.723756157784456445e+04
5.311190297362160891e+03 4.775989507213743491e+04
5.313751470836898079e+03 4.727135556502542750e+04
5.316312661391955771e+03 4.566645190276489302e+04
5.318873869099355943e+03 4.608193634258295060e+04
5.321435094031264271e+03 4.638995203524362296e+04
5.323996336259994678e+03 4.459421142266594688e+04
5.326557595858004788e+03 4.379545364534265536e+04
5.329118872897896836e+03 4.261875154391175602e+04
5.331680167452421301e+03 4.379766411700555909e+04
5.334241479594471457e+03 4.566929521639046288e+04
5.336802809397086094e+03 4.625331354859744897e+04
5.339364156933452250e+03 4.525806855280648597e+04
5.341925522276898846e+03 4.599182609684002819e+04
5.344486905500902139e+03 4.692477841970494774e+04
5.347048306679082089e+03 5.083233292338360479e+04
5.349609725885208718e+03 5.072428109042051801e+04
5.352171163193191205e+03 4.941072055579644802e+04
5.354732618677087885e+03 5.127758284680169163e+04
5.357294092411101701e+03 5.260683304965811840e+04
5.359855584469582027e+03 5.266829327151623875e+04
5.362417094927021026e+03 5.209046940742715378e+04
5.364978623858058199e+03 5.094087709539518983e+04
5.367540171337478569e+03 4.993250127047474234e+04
5.370101737440212673e+03 4.852913357296316099e+04
5.372663322241334754e+03 4.796629781302298215e+04
5.375224925816066389e+03 4.988367449652093637e+04
5.377786548239774675e+03 5.024832214549466880e+04
5.380348189587970410e+03 4.966878752910775074e+04
5.382909849936309911e+03 4.952121219756583741e+04
5.385471529360596833e+03 4.913629443618437654e+04
5.388033227936779440e+03 4.889824891443270462e+04
5.390594945740949697e+03 4.863546391118488100e+04
5.393156682849347817e+03 4.726842642058781348e+04
5.395718439338357712e+03 4.704908770156651735e+04
5.398280215284507904e+03 4.686609004946202913e+04
5.400842010764474253e+03 4.742784909494029853e+04
5.403403825855077230e+03 4.674352570225537784e+04
5.405965660633282823e+03 4.566217249252366310e+04
5.408527515176201632e+03 4.579036539589698805e+04
5.411089389561091593e+03 4.712947216166311409e+04
5.413651283865354344e+03 4.946163072255359293e+04
5.416213198166537040e+03 5.265956621257289225e+04
5.418775132542332358e+03 5.266322107768165006e+04
5.421337087070580310e+03 5.167124871668147534e+04
5.423899061829262791e+03 5.072280571876690374e+04
5.426461056896509035e+03 4.973879929339555383e+04
5.429023072350595612e+03 5.016923491299732996e+04
5.431585108269940974e+03 4.822193412062552670e+04
5.434147164733110912e+03 4.739398818481927447e+04
5.436709241818816736e+03 4.750098363122672890e+04
5.439271339605913454e+03 4.895499817317829729e+04
5.441833458173404324e+03 4.915155835692540131e+04
5.444395597600436304e+03 4.779594023634472978e+04
5.446957757966301870e+03 4.657816726146318979e+04
5.449519939350437198e+03 4.716288014260076307e+04
5.452082141832428533e+03 4.782497534364734020e+04
5.454644365492002180e+03 4.765452487314873724e+04
5.457206610409034511e+03 4.948545296392110322e+04
5.459768876663543779e+03 6.879642981042375322e+04
5.462331164335695576e+03 7.823470128090959042e+04
5.464893473505800102e+03 6.021136154710829578e+04
5.467455804254313080e+03 4.794767471256650606e+04
5.470018156661836656e+03 4.629786700393839419e+04
5.472580530809116681e+03 4.542485967704182258e+04
5.475142926777046341e+03 4.383846447284382884e+04
5.477705344646661615e+03 4.255196493392247794e+04
5.480267784499147638e+03 4.268494436009938363e+04
5.482830246415830516e+03 4.255416375943092135e+04
5.485392730478185513e+03 4.302230081898908975e+04
5.487955236767831593e+03 4.229223064609655557e+04
5.490517765366532331e+03 4.285305741536481219e+04
5.493080316356199546e+03 4.234625226733400632e+04
5.495642889818888762e+03 4.164117537986543903e+04
5.498205485836799198e+03 4.161218885931812110e+04
5.500768104492278326e+03 4.171126152787159663e+04
5.503330745867817313e+03 4.113377665983428597e+04
5.505893410046053759e+03 4.057993374806742941e+04
5.508456097109770781e+03 4.040240609593181580e+04
5.511018807141895195e+03 3.997450702525311499e+04
5.513581540225500248e+03 4.003543555709591601e+04
5.516144296443806525e+03 3.992663258931911696e+04
5.518707075880176490e+03 4.021050604019087041e+04
5.521269878618121766e+03 4.019877143072659965e+04
5.523832704741294947e+03 4.009773164519312559e+04
5.526395554333498694e+03 3.942404884725643205e+04
5.528958427478677550e+03 3.860169249118082371e+04
5.531521324260923393e+03 3.864175919697349309e+04
5.534084244764472714e+03 3.863719150095753866e+04
5.536647189073708432e+03 3.859562751997083978e+04
5.539210157273157165e+03 3.883150499125977512e+04
5.541773149447491960e+03 3.914720328094069555e+04
5.544336165681532293e+03 3.846852399007882195e+04
5.546899206060241340e+03 3.920468663204713084e+04
5.549462270668727797e+03 3.871988525746541563e+04
5.552025359592247696e+03 3.866084233302740176e+04
5.554588472916199862e+03 3.765619087940794270e+04
5.557151610726130457e+03 3.815719271739390388e+04
5.559714773107730252e+03 3.813096688276756322e+04
5.562277960146835539e+03 3.803850867459531582e+04
5.564841171929428128e+03 3.761897847579408699e+04
5.567404408541635348e+03 3.824531982425905153e+04
5.569967670069730048e+03 3.795107311709242640e+04
5.572530956600128775e+03 3.725015803000798041e+04
5.575094268219397236e+03 4.017714092317708855e+04
5.577657605014243018e+03 4.487321977218370012e+04
5.580220967071520136e+03 4.336171967836824479e+04
5.582784354478228124e+03 3.924605562465034018e+04
5.585347767321512947e+03 3.764946066443354357e+04
5.587911205688665177e+03 3.784537518227355031e+04
5.590474669667119997e+03 3.857156795939493168e+04
5.593038159344459018e+03 3.873826478438965569e+04
5.595601674808409371e+03 3.833172717784276756e+04
5.598165216146842795e+03 3.857230770256646065e+04
5.600728783447777460e+03 3.792293110405731568e+04
5.603292376799376143e+03 3.795400237366570946e+04
5.605855996289946233e+03 3.800297293028333661e+04
5.608419642007943366e+03 3.796325898179008800e+04
5.610983314041965968e+03 3.816566670886050269e+04
5.613547012480758895e+03 3.703654997399603599e+04
5.616110737413211609e+03 3.646129204595414194e+04
5.618674488928360915e+03 3.696639846987258352e+04
5.621238267115386407e+03 3.728457433411214151e+04
5.623802072063615014e+03 3.639242100466491684e+04
5.626365903862519190e+03 3.633678289605504688e+04
5.628929762601715083e+03 3.655289032021280582e+04
5.631493648370966184e+03 3.681216948123804468e+04
5.634057561260179682e+03 3.669591054098333552e+04
5.636621501359410104e+03 3.652545461506676656e+04
5.639185468758854768e+03 3.644223083027516259e+04
5.641749463548860149e+03 3.590040910967847594e+04
5.644313485819913694e+03 3.626531070898155303e+04
5.646877535662652008e+03 3.663082523449489236e+04
5.649441613167855394e+03 3.609899387873562227e+04
5.652005718426448766e+03 3.631739798672781035e+04
5.654569851529505286e+03 3.605843843555529747e+04
5.657134012568239996e+03 3.564325321732847806e+04
5.659698201634016186e+03 3.520509844491661352e+04
5.662262418818341757e+03 3.549622252079609461e+04
5.664826664212869218e+03 3.637611192278023373e+04
5.667390937909395689e+03 3.675417955418811471e+04
5.669955239999867445e+03 3.796286624079218745e+04
5.672519570576372644e+03 3.913352931008017913e+04
5.675083929731146782e+03 3.873546667841014278e+04
5.677648317556568145e+03 3.948911508502895595e+04
5.680212734145165086e+03 4.040273709046258591e+04
5.682777179589605112e+03 4.363974949435284361e+04
5.685341653982707612e+03 4.674267920109043916e+04
5.687906157417432951e+03 4.949764314696477959e+04
5.690470689986888829e+03 4.955575721432016871e+04
5.693035251784327556e+03 4.730238350672350498e+04
5.695599842903147874e+03 4.405787078421988554e+04
5.698164463436892220e+03 4.077136558106775192e+04
5.700729113479250373e+03 3.814812910558402655e+04
5.703293793124055810e+03 3.677101083665432816e+04
5.705858502465289348e+03 3.641864850479033339e+04
5.708423241597074593e+03 3.549735602942350670e+04
5.710988010613684310e+03 3.485568642152335815e+04
5.713552809609533142e+03 3.482715083617634809e+04
5.716117638679182164e+03 3.483467993613847648e+04
5.718682497917337969e+03 3.504783811204614176e+04
5.721247387418854487e+03 3.491384930592518504e+04
5.723812307278727531e+03 3.539805373175259592e+04
5.726377257592102069e+03 3.482987297055785166e+04
5.728942238454264952e+03 3.478674634135152155e+04
5.731507249960650370e+03 3.479259264180326136e+04
5.734072292206838029e+03 3.461128998209396377e+04
5.736637365288552246e+03 3.510195628334376670e+04
5.739202469301664678e+03 3.493964055145755992e+04
5.741767604342188861e+03 3.448431082655789214e+04
5.744332770506286579e+03 3.439178045390085026e+04
5.746897967890265136e+03 3.494377631676266901e+04
5.749463196590574626e+03 3.385444813395801611e+04
5.752028456703813390e+03 3.366614498031258699e+04
5.754593748326724381e+03 3.373735250093639479e+04
5.757159071556195158e+03 3.373597081330103538e+04
5.759724426489258803e+03 3.432131757921320241e+04
5.762289813223094825e+03 3.448955940852078493e+04
5.764855231855028251e+03 3.505947473294112569e+04
5.767420682482526900e+03 3.675287283906264202e+04
5.769986165203207747e+03 3.882573180281760142e+04
5.772551680114831470e+03 3.706415167844688403e+04
5.775117227315302443e+03 3.553422064815813064e+04
5.777682806902672382e+03 3.458035795980456896e+04
5.780248418975140339e+03 3.378613979629900132e+04
5.782814063631045428e+03 3.399528556549119094e+04
5.785379740968877741e+03 3.416663710231814912e+04
5.787945451087269248e+03 3.578403783989627846e+04
5.790511194084999261e+03 3.732371342739409010e+04
5.793076970060989879e+03 3.761554933209125738e+04
5.795642779114312361e+03 3.568585406125436566e+04
5.798208621344181665e+03 3.505077182602634275e+04
5.800774496849956449e+03 3.494305048334808089e+04
5.803340405731142710e+03 3.594694142023510358e+04
5.805906348087391962e+03 3.555701182381775288e+04
5.808472324018501240e+03 3.528888049628219596e+04
5.811038333624410370e+03 3.520234072728316823e+04
5.813604377005209244e+03 3.509555953891480749e+04
5.816170454261127816e+03 3.554834129753620800e+04
5.818736565492546106e+03 3.536742510148191650e+04
5.821302710799986926e+03 3.638657529740079917e+04
5.823868890284119516e+03 3.627721329508376220e+04
5.826435104045758635e+03 3.630359439267435664e+04
5.829001352185862743e+03 3.649722301262868859e+04
5.831567634805538546e+03 3.675985131977639685e+04
5.834133952006035543e+03 3.706329447597717080e+04
5.836700303888749659e+03 3.654194024338778399e+04
5.839266690555223249e+03 3.724211080641450826e+04
5.841833112107142369e+03 3.670711854047645465e+04
5.844399568646340413e+03 3.675944874067472119e+04
5.846966060274793563e+03 3.716618306813893287e+04
5.849532587094625342e+03 3.687936894235532964e+04
5.852099149208105700e+03 3.698764516602118238e+04
5.854665746717647380e+03 3.677938018241723330e+04
5.857232379725809551e+03 3.631452841845401417e+04
5.859799048335297812e+03 3.640952043074599351e+04
5.862365752648961461e+03 3.651155131090313807e+04
5.864932492769796227e+03 3.652976429581872799e+04
5.867499268800945174e+03 3.680596010683980421e+04
5.870066080845691431e+03 3.671025141778757097e+04
5.872632929007469102e+03 3.675318197694283299e+04
5.875199813389855080e+03 3.665249621155305067e+04
5.877766734096571781e+03 3.601831774433753890e+04
5.880333691231487137e+03 3.441973806974517356e+04
5.882900684898615509e+03 3.351327789526345441e+04
5.885467715202114960e+03 3.248538959974161116e+04
5.888034782246289979e+03 3.394943244596880686e+04
5.890601886135591485e+03 3.369231262710554438e+04
5.893169026974614098e+03 3.363430424019283237e+04
5.895736204868097047e+03 3.266328985702642603e+04
5.898303419920928718e+03 3.115325698456449027e+04
5.900870672238138468e+03 2.969849254899896550e+04
5.903437961924903902e+03 3.001323415346455658e+04
5.906005289086549055e+03 3.059184943833155921e+04
5.908572653828538932e+03 3.105953114058484061e+04
5.911140056256487696e+03 3.167977321157826373e+04
5.913707496476155029e+03 3.230851465880000615e+04
5.916274974593443403e+03 3.274831186892994447e+04
5.918842490714403539e+03 3.318364780135249021e+04
5.921410044945228947e+03 3.353183033294400229e+04
5.923977637392259567e+03 3.470471821736473794e+04
5.926545268161982676e+03 3.502150542512172979e+04
5.929112937361028344e+03 3.575945648245876509e+04
5.931680645096173976e+03 3.687355046010157821e+04
5.934248391474339769e+03 3.675674152580295049e+04
5.936816176602594169e+03 3.648914599947776878e+04
5.939384000588150229e+03 3.592739862444705068e+04
5.941951863538364705e+03 3.555883172234310769e+04
5.944519765560743508e+03 3.525666725935326394e+04
5.947087706762933522e+03 3.466798428465797042e+04
5.949655687252728967e+03 3.504286132097044174e+04
5.952223707138071404e+03 3.491328723780236760e+04
5.954791766527045183e+03 3.502332551467637677e+04
5.957359865527880174e+03 3.495269650527915655e+04
5.959928004248953584e+03 3.466892023518338101e+04
5.962496182798787231e+03 3.464449480556398339e+04
5.965064401286046632e+03 3.436466771073183190e+04
5.967632659819544642e+03 3.370716259758234810e+04
5.970200958508239637e+03 3.418599743861425668e+04
5.972769297461234601e+03 3.998465349134198186e+04
5.975337676787777127e+03 3.388007322939761798e+04
5.977906096597262149e+03 3.376290123582960950e+04
5.980474556999229208e+03 3.337071684284669755e+04
5.983043058103361545e+03 3.333914744618043915e+04
5.985611600019492471e+03 3.307307385952975892e+04
5.988180182857594446e+03 3.301598822331026895e+04
5.990748806727789997e+03 3.307381712862884160e+04
5.993317471740346264e+03 3.301354402198344178e+04
5.995886178005674083e+03 3.297633509687925834e+04
5.998454925634330721e+03 3.339145095872939419e+04
6.001023714737020782e+03 3.228186573093538755e+04
6.003592545424589844e+03 3.238964452459021413e+04
6.006161417808032638e+03 3.227382772169564123e+04
6.008730331998488509e+03 3.200145291896137132e+04
6.011299288107241409e+03 3.116996296982234344e+04
6.013868286245721720e+03 3.112525348613871756e+04
6.016437326525503522e+03 3.102964005993240789e+04
6.019006409058309146e+03 3.076961804557381765e+04
6.021575533956003710e+03 3.104649479957363656e+04
6.024144701330598764e+03 3.043313077118857109e+04
6.026713911294251375e+03 3.085309461373821978e+04
6.029283163959264130e+03 3.077806510290497681e+04
6.031852459438083315e+03 3.074202301094691211e+04
6.034421797843304375e+03 3.011028320621770399e+04
6.036991179287664636e+03 3.003491501046819030e+04
6.039560603884048760e+03 3.010714150275597422e+04
6.042130071745485111e+03 2.948850247788246998e+04
6.044699582985149391e+03 2.980285648596987448e+04
6.047269137716361001e+03 2.973070749918176080e+04
6.049838736052587592e+03 2.946306149395069951e+04
6.052408378107437784e+03 2.902003114168881439e+04
6.054978063994669355e+03 2.866774604685807935e+04
6.057547793828185604e+03 2.901188506447581676e+04
6.060117567722030799e+03 2.849799513096318333e+04
6.062687385790400185e+03 2.884090353121648513e+04
6.065257248147630889e+03 2.862173762789071770e+04
6.067827154908207376e+03 2.885990630145754767e+04
6.070397106186756901e+03 2.861541447253261504e+04
6.072967102098055875e+03 2.885702041505821035e+04
6.075537142757023503e+03 2.865588822853827878e+04
6.078107228278724506e+03 2.824943309904490161e+04
6.080677358778370035e+03 2.830390105673206199e+04
6.083247534371315851e+03 2.819800483335373428e+04
6.085817755173064143e+03 2.833599085601521074e+04
6.088388021299262618e+03 2.842773238402213974e+04
6.090958332865700868e+03 2.836508075136872139e+04
6.093528689988319456e+03 2.868840292851193226e+04
6.096099092783199922e+03 2.887759081320521000e+04
6.098669541366571138e+03 2.923031664755304882e+04
6.101240035854809321e+03 2.970377887042166185e+04
6.103810576364430744e+03 3.077461630553557188e+04
6.106381163012101752e+03 3.255894263930617672e+04
6.108951795914632385e+03 3.629353623252441321e+04
6.111522475188978206e+03 4.011074437077798211e+04
6.114093200952240295e+03 4.178635852761902061e+04
6.116663973321667072e+03 4.010621811306836025e+04
6.119234792414647018e+03 3.633940792355499434e+04
6.121805658348721408e+03 3.291714026455020212e+04
6.124376571241569764e+03 3.140223359770751267e+04
6.126947531211021669e+03 3.032801351244380930e+04
6.129518538375050412e+03 2.992964210956787065e+04
6.132089592851776615e+03 2.948093362995244024e+04
6.134660694759462785e+03 2.866783782927430730e+04
6.137231844216519676e+03 2.770202937283591746e+04
6.139803041341501739e+03 2.813974712072116381e+04
6.142374286253110768e+03 2.761054314630650333e+04
6.144945579070192252e+03 2.809181609350378858e+04
6.147516919911737205e+03 2.795455683570049223e+04
6.150088308896884882e+03 2.732929423850109379e+04
6.152659746144915516e+03 2.823271312463395589e+04
6.155231231775257584e+03 2.838089093452163797e+04
6.157802765907484172e+03 2.871352928389500812e+04
6.160374348661314798e+03 2.863089671850631203e+04
6.162945980156611768e+03 2.847519287937301124e+04
6.165517660513385636e+03 2.742076322431179506e+04
6.168089389851791566e+03 2.618229745884669319e+04
6.170661168292129332e+03 2.525445025318328771e+04
6.173232995954845137e+03 2.473814956829707808e+04
6.175804872960528883e+03 2.464590053799059388e+04
6.178376799429919629e+03 2.473130010334660983e+04
6.180948775483897407e+03 2.456315563276065950e+04
6.183520801243489586e+03 2.444582968785631238e+04
6.186092876829869056e+03 2.443980104498378569e+04
6.188665002364356042e+03 2.413666593875787294e+04
6.191237177968410833e+03 2.396599921786983759e+04
6.193809403763645605e+03 2.393691214949423738e+04
6.196381679871812594e+03 2.399251351422192602e+04
6.198954006414813193e+03 2.381630145026829996e+04
6.201526383514692498e+03 2.386613758733062059e+04
6.204098811293639301e+03 2.417154591236785927e+04
6.206671289873992464e+03 2.400839400349071002e+04
6.209243819378232729e+03 2.333726231360855672e+04
6.211816399928986357e+03 2.339259684639097759e+04
6.214389031649026947e+03 2.337060291246659472e+04
6.216961714661270889e+03 2.309887758776116243e+04
6.219534449088781912e+03 2.291558821090282072e+04
6.222107235054769262e+03 2.312437494284583227e+04
6.224680072682586797e+03 2.330633681160235210e+04
6.227252962095733892e+03 2.295975317806939347e+04
6.229825903417855443e+03 2.259590327493293444e+04
6.232398896772741864e+03 2.264915323842936414e+04
6.234971942284329089e+03 2.261438578574130224e+04
6.237545040076698569e+03 2.309087849644896414e+04
6.240118190274075459e+03 2.288760040588984702e+04
6.242691393000832250e+03 2.267027006731070651e+04
6.245264648381487859e+03 2.210280476077376443e+04
6.247837956540703090e+03 2.235786144605016307e+04
6.250411317603288808e+03 2.196462173173109841e+04
6.252984731694195943e+03 2.160276171255384543e+04
6.255558198938524583e+03 2.019452164435785016e+04
6.258131719461520333e+03 2.198816762371776713e+04
6.260705293388571590e+03 2.220218655419586139e+04
6.263278920845214088e+03 2.183753291373435786e+04
6.265852601957129082e+03 2.221563034361472819e+04
6.268426336850141524e+03 2.160442727982471843e+04
6.271000125650225527e+03 2.156114548503769402e+04
6.273573968483495264e+03 2.172331941495099454e+04
6.276147865476214974e+03 2.105960398457655174e+04
6.278721816754792599e+03 2.040675628683621471e+04
6.281295822445779777e+03 2.006240924727857418e+04
6.283869882675876397e+03 2.099420830440515419e+04
6.286443997571926957e+03 2.138705924336028329e+04
6.289018167260919654e+03 2.147820683627402468e+04
6.291592391869990024e+03 2.118616733497724272e+04
6.294166671526419123e+03 2.057312046812028711e+04
6.296741006357631704e+03 2.133184942221489473e+04
6.299315396491199863e+03 2.181680861223733882e+04
6.301889842054839391e+03 2.253347568329493879e+04
6.304464343176413422e+03 2.259026539859491822e+04
6.307038899983927877e+03 2.247274469352504821e+04
6.309613512605536016e+03 2.289265308089801329e+04
6.312188181169538439e+03 2.165122027665609858e+04
6.314762905804374896e+03 2.094100319152845987e+04
6.317337686638637024e+03 1.998252174538875261e+04
6.319912523801060161e+03 2.014117882787021517e+04
6.322487417420521524e+03 2.022518765276362683e+04
6.325062367626047489e+03 1.989051110468384286e+04
6.327637374546810861e+03 2.084569291415901171e+04
6.330212438312125414e+03 1.997685351502519552e+04
6.332787559051454082e+03 2.010504251374910382e+04
6.335362736894402587e+03 1.920085275081413056e+04
6.337937971970724902e+03 1.920168700612877728e+04
6.340513264410317788e+03 1.955441591007679745e+04
6.343088614343225345e+03 1.951139574916848142e+04
6.345664021899635372e+03 1.962918331535012112e+04
6.348239487209883009e+03 1.890118527290681232e+04
6.350815010404447094e+03 1.922711422091686472e+04
6.353390591613952893e+03 1.952526907446208497e+04
6.355966230969171193e+03 1.929761959190872949e+04
6.358541928601016480e+03 1.908928078118614212e+04
6.361117684640550578e+03 1.896984558231597111e+04
6.363693499218981742e+03 1.901580676896216028e+04
6.366269372467659196e+03 1.948071044412569245e+04
6.368845304518083140e+03 1.918284229297216007e+04
6.371421295501893837e+03 1.864644134020612546e+04
6.373997345550882528e+03 1.896363630208830000e+04
6.376573454796980513e+03 1.895279569011567946e+04
6.379149623372266433e+03 1.857994619818933643e+04
6.381725851408968083e+03 1.845985383667200585e+04
6.384302139039452413e+03 1.892544373078973149e+04
6.386878486396235530e+03 1.879648051299728104e+04
6.389454893611979969e+03 1.821298043942006188e+04
6.392031360819490146e+03 1.823269806960049027e+04
6.394607888151716907e+03 1.868310408363126407e+04
6.397184475741760252e+03 1.776519071756041740e+04
6.399761123722859338e+03 1.816582706801389213e+04
6.402337832228404295e+03 1.800475923842628981e+04
6.404914601391928954e+03 1.812617718201761818e+04
6.407491431347109028e+03 1.782015505769423544e+04
6.410068322227772114e+03 1.740556866188965432e+04
6.412645274167885873e+03 1.765669974043900584e+04
6.415222287301565302e+03 1.775518138094768074e+04
6.417799361763070920e+03 1.727575409957106604e+04
6.420376497686808762e+03 1.714635123226790893e+04
6.422953695207330384e+03 1.742946220855554202e+04
6.425530954459331952e+03 1.783200485802098046e+04
6.428108275577655149e+03 1.697147304745830479e+04
6.430685658697289909e+03 1.728979666999672190e+04
6.433263103953365317e+03 1.697940473864943124e+04
6.435840611481162341e+03 1.728377884071349399e+04
6.438418181416103835e+03 1.733149093372883726e+04
6.440995813893759987e+03 1.762011726639850531e+04
6.443573509049842869e+03 1.714375951687631459e+04
6.446151267020215528e+03 1.672009082920840592e+04
6.448729087940881072e+03 1.667393563020820875e+04
6.451306971947991769e+03 1.674541712324860418e+04
6.453884919177842676e+03 1.676489772628563514e+04
6.456462929766877096e+03 1.740962003466926762e+04
6.459041003851680216e+03 1.642215161060081664e+04
6.461619141568986379e+03 1.663880000000000291e+04
6.464197343055671809e+03 1.718140808001916230e+04
6.466775608448760977e+03 1.662881528959417483e+04
6.469353937885422056e+03 1.640556772335790447e+04
6.471932331502969646e+03 1.643707793184053298e+04
6.474510789438862957e+03 1.617904060267028945e+04
6.477089311830706720e+03 1.630263912085942138e+04
6.479667898816253000e+03 1.569630519848671611e+04
6.482246550533394839e+03 1.604961672229589567e+04
6.484825267120175340e+03 1.570867635152071489e+04
6.487404048714782220e+03 1.593381761893714065e+04
6.489982895455545076e+03 1.606125451379980404e+04
6.492561807480942662e+03 1.588192550122601278e+04
6.495140784929599249e+03 1.781964363327234969e+04
6.497719827940280084e+03 1.547267968046557144e+04
6.500298936651901386e+03 1.573030418008544984e+04
6.502878111203521257e+03 1.603740045875204851e+04
6.505457351734345139e+03 1.584843010075689017e+04
6.508036658383722170e+03 1.605723400758996650e+04
6.510616031291147920e+03 1.583232590453852208e+04
6.513195470596264386e+03 1.526655908622973584e+04
6.515774976438856356e+03 1.525291007870322392e+04
6.518354548958855958e+03 1.494713807582678601e+04
6.520934188296339926e+03 1.496753406281252501e+04
6.523513894591531425e+03 1.528067878961996030e+04
6.526093667984799140e+03 1.521070235578846405e+04
6.528673508616655454e+03 1.519315517072592229e+04
6.531253416627759179e+03 1.526010113973353327e+04
6.533833392158913739e+03 1.538103907759918184e+04
6.536413435351069893e+03 1.533400968087890578e+04
6.538993546345322102e+03 1.545930490669607207e+04
6.541573725282911255e+03 1.483413140097043106e+04
6.544153972305222851e+03 1.479246290867882635e+04
6.546734287553788818e+03 1.461892325975890162e+04
6.549314671170285692e+03 1.516098392378668723e+04
6.551895123296534621e+03 1.514306325891713095e+04
6.554475644074504089e+03 1.520121919988035734e+04
6.557056233646306282e+03 1.459749512162163956e+04
6.559636892154199813e+03 1.378959254387898727e+04
6.562217619740588816e+03 1.327921929757706675e+04
6.564798416548022942e+03 1.417463584573040498e+04
6.567379282719195544e+03 1.532773113773481964e+04
6.569960218396947312e+03 1.539893281170457885e+04
6.572541223724263546e+03 1.489029811263049669e+04
6.575122298844276884e+03 1.415837979851778800e+04
6.577703443900260027e+03 1.448077439812901139e+04
6.580284659035637560e+03 1.432014371218649285e+04
6.582865944393975951e+03 1.440183385577121226e+04
6.585447300118987187e+03 1.503935041865211679e+04
6.588028726354529681e+03 1.536623828810606574e+04
6.590610223244606459e+03 1.514107742817885446e+04
6.593191790933366065e+03 1.435505500865515569e+04
6.595773429565104379e+03 1.374174088972447862e+04
6.598355139284259167e+03 1.402449053091224414e+04
6.600936920235416437e+03 1.396000147139281762e+04
6.603518772563305902e+03 1.411037890266709292e+04
6.606100696412804609e+03 1.384321242118066220e+04
6.608682691928932400e+03 1.352548120581477997e+04
6.611264759256857360e+03 1.367917012664691174e+04
6.613846898541891278e+03 1.378813521431545269e+04
6.616429109929491460e+03 1.343830493530564127e+04
6.619011393565259823e+03 1.371913058704864852e+04
6.621593749594946530e+03 1.381035413221129420e+04
6.624176178164445446e+03 1.364437246155449975e+04
6.626758679419793225e+03 1.385174058831805087e+04
6.629341253507178408e+03 1.359047020062396768e+04
6.631923900572926868e+03 1.338288799761401242e+04
6.634506620763517276e+03 1.325779481092313654e+04
6.637089414225569271e+03 1.329119989048536809e+04
6.639672281105849834e+03 1.304681214053888652e+04
6.642255221551269642e+03 1.328306103937440093e+04
6.644838235708886714e+03 1.274970562893548595e+04
6.647421323725902766e+03 1.300581773269898804e+04
6.650004485749665946e+03 1.315407210020335697e+04
6.652587721927670827e+03 1.310510905064105646e+04
6.655171032407554776e+03 1.326595342861058634e+04
6.657754417337103405e+03 1.287178145526491971e+04
6.660337876864245118e+03 1.288809450050973828e+04
6.662921411137055657e+03 1.333856973524233763e+04
6.665505020303755373e+03 1.300258145010712178e+04
6.668088704512710137e+03 1.333922293024112514e+04
6.670672463912431340e+03 1.273757310719437737e+04
6.673256298651574980e+03 1.304936050221618098e+04
6.675840208878944395e+03 1.289290686777882547e+04
6.678424194743486623e+03 1.285300574077321835e+04
6.681008256394295131e+03 1.266842288191191801e+04
6.683592393980607994e+03 1.273086064443791474e+04
6.686176607651808808e+03 1.272529833138282811e+04
6.688760897557425778e+03 1.205760764537756586e+04
6.691345263847135357e+03 1.274890080072578348e+04
6.693929706670757696e+03 1.293453518656943743e+04
6.696514226178257559e+03 1.280784680982294412e+04
6.699098822519745227e+03 1.262758685146611242e+04
6.701683495845478319e+03 1.256966217779508406e+04
6.704268246305857247e+03 1.269021454602598715e+04
6.706853074051430667e+03 1.231714918782425593e+04
6.709437979232890029e+03 1.322826435095177658e+04
6.712022962001074120e+03 1.264383181207063353e+04
6.714608022506965426e+03 1.271327474899239132e+04
6.717193160901693773e+03 1.259554708786546507e+04
6.719778377336533595e+03 1.305408154116721926e+04
6.722363671962903027e+03 1.304787392549011565e+04
6.724949044932367542e+03 1.298990961276117741e+04
6.727534496396639042e+03 1.253060051820636727e+04
6.730120026507573129e+03 1.240372254416608848e+04
6.732705635417169105e+03 1.273348121040794467e+04
6.735291323277577249e+03 1.268155648250983904e+04
6.737877090241086080e+03 1.258368184499890231e+04
6.740462936460135097e+03 1.258918037007933344e+04
6.743048862087307498e+03 1.233686538547661075e+04
6.745634867275331999e+03 1.183571914486193418e+04
6.748220952177080108e+03 1.207869120946411022e+04
6.750807116945574307e+03 1.172178506618009669e+04
6.753393361733977144e+03 1.200775338089073375e+04
6.755979686695598502e+03 7.542691755592348272e+03
6.758566091983895603e+03 1.130407745298357804e+04
6.761152577752468460e+03 1.154254070944110936e+04
6.763739144155063514e+03 1.143295202204164707e+04
6.766325791345571815e+03 1.127276840176424957e+04
6.768912519478031754e+03 1.125887974356805171e+04
6.771499328706625420e+03 1.144328223636659459e+04
6.774086219185681330e+03 1.156587907814925165e+04
6.776673191069670793e+03 1.181665474925322451e+04
6.779260244513216094e+03 1.145201628213958793e+04
6.781847379671078670e+03 1.108913968618058425e+04
6.784434596698169116e+03 1.063994094889800181e+04
6.787021895749543546e+03 1.124408468535704742e+04
6.789609276980399954e+03 1.134840105265290003e+04
6.792196740546087312e+03 1.118420062348983811e+04
6.794784286602096472e+03 1.152365382439572932e+04
6.797371915304061986e+03 1.156558170312607581e+04
6.799959626807767563e+03 1.128999912165877504e+04
6.802547421269141523e+03 1.127390687091867767e+04
6.805135298844255885e+03 1.137188421440701131e+04
6.807723259689329097e+03 1.131005235399509365e+04
6.810311303960725127e+03 1.112599930284569928e+04
6.812899431814953459e+03 1.106116994644180704e+04
6.815487643408669101e+03 1.114066962544870512e+04
6.818075938898671666e+03 1.113245985931451651e+04
6.820664318441906289e+03 1.063013810358385308e+04
6.823252782195464533e+03 1.069243681664209362e+04
6.825841330316583480e+03 1.059034077394891210e+04
6.828429962962643913e+03 1.142966413285057934e+04
6.831018680291173041e+03 1.174003269649586218e+04
6.833607482459843595e+03 1.151035615100811265e+04
6.836196369626473825e+03 1.144851251771281204e+04
6.838785341949027497e+03 1.082229453498289331e+04
6.841374399585612991e+03 1.088580492055238574e+04
6.843963542694486023e+03 1.086245620691155455e+04
6.846552771434044189e+03 1.057887280640317294e+04
6.849142085962832425e+03 1.090076537301687313e+04
6.851731486439543005e+03 1.048562921012602783e+04
6.854320973023011902e+03 1.064066292596397398e+04
6.856910545872219700e+03 1.073045673371051817e+04
6.859500205146292501e+03 1.070708857969677229e+04
6.862089951004503746e+03 1.107403781879952112e+04
6.864679783606272395e+03 1.111287597750705208e+04
6.867269703111157469e+03 9.585730116869113772e+03
6.869859709678870786e+03 7.671366543547301262e+03
6.872449803469266044e+03 7.402332976522254285e+03
6.875039984642340642e+03 7.797275371329054906e+03
6.877630253358240225e+03 8.469171246331203292e+03
6.880220609777255959e+03 9.646293135124531545e+03
6.882811054059822709e+03 9.736175385675966027e+03
6.885401586366520860e+03 9.109329754270775084e+03
6.887992206858078134e+03 9.178944107451950913e+03
6.890582915695364136e+03 9.325066170257507110e+03
6.893173713039399445e+03 8.982563768928777790e+03
6.895764599051342884e+03 9.016127972106431116e+03
6.898355573892506072e+03 9.141457947621656785e+03
6.900946637724338871e+03 9.289480113894484020e+03
6.903537790708443936e+03 9.434676675432931006e+03
6.906129033006563077e+03 9.326446983918027399e+03
6.908720364780587261e+03 9.548202318614674368e+03
6.911311786192549334e+03 9.750140517239589826e+03
6.913903297404633122e+03 9.856568947789213780e+03
6.916494898579163419e+03 9.549542191360416837e+03
6.919086589878610539e+03 9.355381944381771973e+03
6.921678371465593045e+03 9.786047632480815082e+03
6.924270243502871381e+03 1.022843500307242175e+04
6.926862206153355146e+03 1.003071975140409631e+04
6.929454259580095822e+03 9.875082364432997565e+03
6.932046403946293140e+03 9.542660085207688098e+03
6.934638639415288708e+03 9.647726453852859777e+03
6.937230966150575114e+03 9.923850608386883323e+03
6.939823384315785006e+03 9.648004362437355667e+03
6.942415894074699281e+03 9.501465241012232582e+03
6.945008495591242536e+03 9.479501983628375456e+03
6.947601189029487614e+03 1.000629054799847836e+04
6.950193974553649241e+03 1.024103210408892119e+04
6.952786852328090390e+03 9.817892738535660101e+03
6.955379822517317734e+03 9.591427292587097327e+03
6.957972885285982557e+03 9.481599776888833730e+03
6.960566040798886206e+03 9.585600116442321450e+03
6.963159289220970095e+03 9.616028493765101302e+03
6.965752630717322972e+03 9.737222490857728189e+03
6.968346065453179108e+03 9.868890368353568192e+03
6.970939593593919199e+03 9.812833309458317672e+03
6.973533215305069461e+03 9.742778398234891938e+03
6.976126930752297994e+03 9.931665903479202825e+03
6.978720740101422052e+03 9.657359573347515834e+03
6.981314643518402590e+03 9.909425086355766325e+03
6.983908641169346993e+03 9.439840235917044993e+03
6.986502733220507253e+03 9.474041148523134325e+03
6.989096919838280883e+03 9.523242593262883020e+03
6.991691201189211824e+03 9.171138084534688460e+03
6.994285577439987719e+03 9.245696443749802711e+03
6.996880048757442637e+03 9.072741303478231202e+03
6.999474615308556167e+03 9.291899769691570327e+03
7.002069277260454328e+03 9.370097864484934689e+03
7.004664034780404108e+03 9.134286728690976815e+03
7.007258888035823475e+03 9.107292326932838478e+03
7.009853837194274092e+03 9.328623436401074287e+03
7.012448882423459509e+03 9.403510418543406558e+03
7.015044023891234247e+03 9.128851667895611172e+03
7.017639261765594711e+03 8.907769886662690624e+03
7.020234596214682824e+03 9.064871655352100788e+03
7.022830027406789668e+03 8.891334530546469978e+03
7.025425555510344566e+03 8.744638365245426030e+03
7.028021180693928727e+03 8.887179409368474808e+03
7.030616903126267061e+03 9.366804734470460971e+03
7.033212722976228179e+03 9.223237479365623585e+03
7.035808640412826207e+03 9.182408690194501105e+03
7.038404655605225344e+03 8.893416168100971845e+03
7.041000768722728026e+03 9.134984733749279258e+03
7.043596979934788578e+03 8.884749088423563080e+03
7.046193289411001388e+03 9.066747384902835620e+03
7.048789697321109998e+03 9.207129543374448986e+03
7.051386203835002561e+03 8.817336834659698070e+03
7.053982809122710933e+03 8.875603463545905470e+03
7.056579513354414303e+03 9.175773873780448412e+03
7.059176316700437383e+03 8.873497910913320084e+03
7.061773219331247674e+03 9.122251415558414010e+03
7.064370221417461835e+03 9.021310295201637928e+03
7.066967323129839315e+03 9.336537294373732948e+03
7.069564524639285082e+03 9.421928932384686050e+03
7.072161826116851444e+03 9.009788264928212811e+03
7.074759227733735315e+03 9.212722274197805746e+03
7.077356729661276404e+03 9.029439301494347092e+03
7.079954332070963574e+03 8.750329804293813140e+03
7.082552035134428479e+03 8.945038609193426964e+03
7.085149839023450113e+03 8.880461196978048974e+03
7.087747743909952078e+03 9.181174360690632966e+03
7.090345749966003496e+03 9.093664184054357975e+03
7.092943857363818097e+03 9.251258640094920338e+03
7.095542066275755133e+03 8.727531478771368711e+03
7.098140376874321191e+03 8.606571333950520057e+03
7.100738789332166562e+03 8.632053402698149512e+03
7.103337303822087051e+03 8.620525032844230736e+03
7.105935920517023987e+03 8.678067541990367317e+03
7.108534639590065126e+03 8.509111849579649061e+03
7.111133461214441922e+03 8.505179521754707821e+03
7.113732385563531352e+03 8.728290008710404436e+03
7.116331412810857728e+03 8.510766743794605645e+03
7.118930543130090882e+03 8.715198525998399418e+03
7.121529776695042528e+03 8.641774574278386353e+03
7.124129113679671718e+03 8.586165889451312978e+03
7.126728554258084841e+03 8.653618676462723670e+03
7.129328098604532897e+03 8.702776289148336218e+03
7.131927746893410585e+03 8.313664728427827868e+03
7.134527499299256306e+03 8.437494745872209023e+03
7.137127355996761253e+03 8.342156559642606226e+03
7.139727317160753955e+03 8.455686378683161820e+03
7.142327382966213008e+03 7.949261084582930380e+03
7.144927553588260707e+03 8.359471752140245371e+03
7.147527829202166686e+03 8.209976681823709441e+03
7.150128209983342458e+03 8.433523392220313326e+03
7.152728696107346877e+03 8.261931041325326078e+03
7.155329287749886134e+03 8.156655433345807069e+03
7.157929985086810120e+03 8.134984018351648956e+03
7.160530788294112426e+03 8.206030002792755113e+03
7.163131697547933982e+03 7.864721633493194531e+03
7.165732713024562145e+03 7.437613192932652055e+03
7.168333834900427064e+03 7.480458946607926009e+03
7.170935063352107136e+03 7.307501739929422001e+03
7.173536398556323547e+03 6.886273417259928465e+03
7.176137840689943914e+03 6.732553055383700666e+03
7.178739389929982281e+03 7.019166969151754529e+03
7.181341046453596391e+03 7.101711735413833594e+03
7.183942810438091328e+03 6.729687286289774420e+03
7.186544682060914965e+03 6.136639357603899043e+03
7.189146661499662514e+03 6.787103092917584945e+03
7.191748748932075614e+03 6.889592192268230974e+03
7.194350944536039606e+03 6.289384728882127092e+03
7.196953248489583530e+03 6.732354616407629692e+03
7.199555660970885583e+03 6.625840577711086553e+03
7.202158182158268573e+03 6.705504695119287135e+03
7.204760812230197189e+03 7.003708540945476670e+03
7.207363551365287094e+03 6.701620010778141477e+03
7.209966399742294016e+03 7.198150522357473164e+03
7.212569357540123747e+03 7.293856808589018328e+03
7.215172424937823962e+03 7.463474272505980480e+03
7.217775602114589674e+03 7.269605043802077489e+03
7.220378889249759595e+03 7.503824559516852787e+03
7.222982286522819777e+03 7.305990807661334657e+03
7.225585794113401789e+03 7.346062758659459178e+03
7.228189412201279993e+03 7.200386685354717883e+03
7.230793140966376995e+03 7.399030870872788910e+03
7.233396980588759106e+03 6.493275522249989081e+03
7.236000931248639972e+03 6.365234761626439649e+03
7.238604993126376030e+03 7.341740604194242223e+03
7.241209166402471965e+03 8.065587389832134249e+03
7.243813451257574343e+03 7.618977751215426906e+03
7.246417847872477068e+03 8.113246681174261539e+03
7.249022356428122293e+03 7.330437181758759834e+03
7.251626977105593141e+03 7.076129055200639414e+03
7.254231710086120074e+03 6.854889976946935349e+03
7.256836555551078163e+03 6.913840567013109649e+03
7.259441513681989818e+03 6.907768862188040657e+03
7.262046584660520239e+03 6.919175912050033730e+03
7.264651768668481964e+03 6.509733715634798500e+03
7.267257065887833051e+03 6.594416080031917772e+03
7.269862476500675257e+03 7.203016543937952520e+03
7.272468000689257678e+03 7.008158988251922892e+03
7.275073638635972202e+03 7.313601694810936351e+03
7.277679390523359871e+03 7.701174776992465922e+03
7.280285256534104519e+03 7.179876793572043425e+03
7.282891236851035501e+03 7.339332452214579462e+03
7.285497331657128598e+03 7.688597474056092324e+03
7.288103541135504202e+03 6.862843342195968035e+03
7.290709865469428223e+03 6.441278613815459721e+03
7.293316304842313912e+03 6.468605697616714679e+03
7.295922859437715488e+03 6.888307813765505671e+03
7.298529529439337239e+03 7.070760706371232118e+03
7.301136315031026243e+03 6.672968071285262340e+03
7.303743216396776916e+03 6.775114006013998733e+03
7.306350233720726465e+03 7.105493193087787404e+03
7.308957367187158525e+03 6.616493690394292571e+03
7.311564616980504070e+03 6.277999680199598515e+03
7.314171983285337774e+03 7.057437973791932563e+03
7.316779466286378010e+03 7.765514866844177959e+03
7.319387066168493220e+03 7.124487525088341499e+03
7.321994783116692815e+03 6.756967022539930440e+03
7.324602617316134456e+03 7.050615028147173689e+03
7.327210568952119502e+03 7.121668131488503604e+03
7.329818638210093923e+03 7.604541580204469028e+03
7.332426825275652845e+03 7.251513895539896112e+03
7.335035130334534188e+03 6.824486165582364265e+03
7.337643553572619567e+03 6.955100329820244951e+03
7.340252095175940667e+03 8.120099343184774625e+03
7.342860755330670145e+03 8.137553042213343360e+03
7.345469534223128903e+03 7.197597051815465420e+03
7.348078432039781546e+03 7.021695122522512065e+03
7.350687448967239106e+03 6.672760256877311804e+03
7.353296585192258135e+03 6.885705176242804555e+03
7.355905840901738884e+03 6.835789032652534843e+03
7.358515216282729853e+03 7.175867662133773592e+03
7.361124711522422331e+03 7.170933596132334060e+03
7.363734326808154947e+03 6.517383115840098071e+03
7.366344062327410938e+03 6.789068122078178021e+03
7.368953918267818153e+03 7.445496721576882919e+03
7.371563894817150867e+03 7.365648543123814306e+03
7.374173992163329785e+03 6.921245552902712006e+03
7.376784210494418403e+03 6.647782178313158511e+03
7.379394549998627554e+03 6.597171399340705648e+03
7.382005010864312680e+03 6.707692818659921613e+03
7.384615593279975656e+03 6.778049675566024234e+03
7.387226297434262051e+03 6.680362807506686295e+03
7.389837123515963867e+03 7.150849983731989596e+03
7.392448071714020443e+03 6.802872701415031770e+03
7.395059142217512999e+03 6.774704958722612901e+03
7.397670335215669184e+03 6.478204245788771004e+03
7.400281650897863074e+03 6.618514173846198901e+03
7.402893089453615175e+03 7.052429443543951493e+03
7.405504651072587876e+03 7.025971869917715594e+03
7.408116335944593629e+03 6.591375502499377944e+03
7.410728144259584951e+03 6.232917275872335267e+03
7.413340076207665334e+03 6.232163982110204415e+03
7.415952131979078331e+03 6.301230260599605572e+03
7.418564311764217564e+03 6.548279607491084789e+03
7.421176615753618535e+03 6.450904261038481309e+03
7.423789044137964083e+03 6.517606067816605901e+03
7.426401597108082569e+03 6.368539300353381805e+03
7.429014274854947871e+03 6.297024126088535013e+03
7.431627077569677567e+03 6.708756846260546808e+03
7.434240005443534756e+03 6.527675366505683087e+03
7.436853058667931691e+03 6.146773430495091816e+03
7.439466237434420691e+03 6.708294114052693658e+03
7.442079541934703229e+03 6.581953886390371736e+03
7.444692972360625390e+03 6.332591918507851005e+03
7.447306528904177867e+03 6.294888318439437171e+03
7.449920211757496872e+03 6.236912182789645158e+03
7.452534021112865958e+03 6.358305830947495451e+03
7.455147957162711464e+03 6.035147190061949004e+03
7.457762020099605252e+03 6.451492803948528490e+03
7.460376210116266520e+03 6.390524510544140867e+03
7.462990527405559988e+03 5.974951493809885505e+03
7.465604972160493162e+03 6.507597571587645689e+03
7.468219544574221800e+03 6.459015365042566373e+03
7.470834244840045358e+03 6.467669236011173780e+03
7.473449073151408811e+03 6.458438714580640408e+03
7.476064029701902655e+03 6.450130764991811702e+03
7.478679114685263812e+03 2.694864588880593601e+03
