3.903685485186655569e+03 9.759456073409560339e-01
3.906244123240863701e+03 1.028488582616389646e+00
3.908802760797866995e+03 9.699268215994782949e-01
3.911361397849706918e+03 1.023579291266941915e+00
3.913920034388571821e+03 1.031141831086558991e+00
3.916478670406794208e+03 9.915234119951914504e-01
3.919037305896852104e+03 1.019737226660664131e+00
3.921595940851369505e+03 9.618881488117753120e-01
3.924154575263115476e+03 8.964666146610241748e-01
3.926713209125004141e+03 7.335718532103663314e-01
3.929271842430095603e+03 6.420530229348290208e-01
3.931830475171595481e+03 7.054011112514034787e-01
3.934389107342854459e+03 6.569815790669972788e-01
3.936947738937368285e+03 7.186673140287896944e-01
3.939506369948779593e+03 7.935047318127129712e-01
3.942065000370874259e+03 8.805638658538461616e-01
3.944623630197585044e+03 9.448507109579057373e-01
3.947182259422990228e+03 9.724727215977689854e-01
3.949740888041313156e+03 1.030692467501085119e+00
3.952299516046921781e+03 1.029844715398017918e+00
3.954858143434330486e+03 1.067408993304838738e+00
3.957416770198199174e+03 9.556266113597299272e-01
3.959975396333332810e+03 8.757424672836906510e-01
3.962534021834680971e+03 8.175997493583934128e-01
3.965092646697340570e+03 7.170445102823305161e-01
3.967651270916551766e+03 6.601752566998578819e-01
3.970209894487701604e+03 6.319154157612579814e-01
3.972768517406322189e+03 6.919432147143461664e-01
3.975327139668091149e+03 7.926467020781202688e-01
3.977885761268831175e+03 9.399971268853092310e-01
3.980444382204510021e+03 9.298574961655219351e-01
3.983003002471242326e+03 9.691933782691819488e-01
3.985561622065286429e+03 9.823435936148423586e-01
3.988120240983047552e+03 1.007548356046043203e+00
3.990678859221075072e+03 1.095784337012280840e+00
3.993237476776064341e+03 9.883912221171803347e-01
3.995796093644856683e+03 1.014326371363974744e+00
3.998354709824438032e+03 1.012657014946944489e+00
4.000913325311939843e+03 1.004834432728338500e+00
4.003471940104639543e+03 9.963361718657219868e-01
4.006030554199959170e+03 1.008923393254811174e+00
4.008589167595466733e+03 9.293787071179003823e-01
4.011147780288875765e+03 9.395195605289083929e-01
4.013706392278044859e+03 9.878145259574198089e-01
4.016265003560978130e+03 9.789639698320531380e-01
4.018823614135824755e+03 9.702469892227295611e-01
4.021382224000880342e+03 9.517840661950640602e-01
4.023940833154585107e+03 9.659498584374264230e-01
4.026499441595524331e+03 9.527774967705684439e-01
4.029058049322430179e+03 9.339434738835293848e-01
4.031616656334178060e+03 8.428105666882261815e-01
4.034175262629791177e+03 9.187609999067075650e-01
4.036733868208436434e+03 9.068241867804232026e-01
4.039292473069427160e+03 9.584836605509997609e-01
4.041851077212220844e+03 9.714265771737875532e-01
4.044409680636421854e+03 1.076195640974909828e+00
4.046968283341779170e+03 1.235238608689017026e+00
4.049526885328187745e+03 1.069081812920200658e+00
4.052085486595686689e+03 9.695604663490191566e-01
4.054644087144461992e+03 9.264300927861910395e-01
4.057202686974844255e+03 9.191756963667379043e-01
4.059761286087310054e+03 9.009739364817034302e-01
4.062319884482480575e+03 8.635060043272670960e-01
4.064878482161123429e+03 8.770579734426504626e-01
4.067437079124150841e+03 9.443572700785903828e-01
4.069995675372620099e+03 9.532050604541194572e-01
4.072554270907735372e+03 9.627443103889460341e-01
4.075112865730845442e+03 9.789213474356891487e-01
4.077671459843443699e+03 9.837088967490105196e-01
4.080230053247169963e+03 1.073599777690216639e+00
4.082788645943809570e+03 1.019353391583676549e+00
4.085347237935292924e+03 1.077824478340659420e+00
4.087905829223695946e+03 1.103150963708086740e+00
4.090464419811239168e+03 1.126664395119779893e+00
4.093023009700289549e+03 1.087957877725164391e+00
4.095581598893359569e+03 1.078613026639615002e+00
4.098140187393106316e+03 1.002219408415690793e+00
4.100698775202333309e+03 9.519214392008118475e-01
4.103257362323987763e+03 9.519776625098135270e-01
4.105815948761164691e+03 1.048897463263797292e+00
4.108374534517102802e+03 1.089669648889198594e+00
4.110933119595185417e+03 1.114816125732838836e+00
4.113491703998945013e+03 1.153411225969472653e+00
4.116050287732055040e+03 1.156158145810513238e+00
4.118608870798336284e+03 1.123166378165226797e+00
4.121167453201756871e+03 9.925752576413312545e-01
4.123726034946426807e+03 1.121663067565411342e+00
4.126284616036603438e+03 1.115176511867051801e+00
4.128843196476688718e+03 1.102167514904442314e+00
4.131401776271232848e+03 1.089648429993189449e+00
4.133960355424926092e+03 1.046035229631579799e+00
4.136518933942609692e+03 1.079366873897444679e+00
4.139077511829266768e+03 1.116764288065347444e+00
4.141636089090026871e+03 1.105410272897914714e+00
4.144194665730165980e+03 1.033143742799955467e+00
4.146753241755102863e+03 1.056370257684469793e+00
4.149311817170404538e+03 1.066958025357901185e+00
4.151870391981781722e+03 1.024908396532906218e+00
4.154428966195090652e+03 9.997156434422698190e-01
4.156987539816334902e+03 9.944901136035311229e-01
4.159546112851661746e+03 1.027663487871343095e+00
4.162104685307362161e+03 1.079883389919309433e+00
4.164663257189877186e+03 1.083268508231579830e+00
4.167221828505788835e+03 1.044639104247637729e+00
4.169780399261826460e+03 1.011274504307734690e+00
4.172338969464864931e+03 9.827567010003943615e-01
4.174897539121924638e+03 9.430187536765847200e-01
4.177456108240170579e+03 9.501313437692916475e-01
4.180014676826914183e+03 9.753501224121321478e-01
4.182573244889610578e+03 9.875041542590642374e-01
4.185131812435862230e+03 9.484752920320178582e-01
4.187690379473416215e+03 9.577308177966158409e-01
4.190248946010165128e+03 9.781476154984923843e-01
4.192807512054147082e+03 9.881840365150769134e-01
4.195366077613544803e+03 9.935342107388804855e-01
4.197924642696687442e+03 9.400901951860025640e-01
4.200483207312049672e+03 9.589604602812253908e-01
4.203041771468249863e+03 9.346292325982722415e-01
4.205600335174053725e+03 9.934527210445873724e-01
4.208158898438372489e+03 1.000653608213952994e+00
4.210717461270261083e+03 1.025373529173500442e+00
4.213276023678920865e+03 1.036516875120805148e+00
4.215834585673698712e+03 1.014143497767849178e+00
4.218393147264087020e+03 1.017193038208624944e+00
4.220951708459722795e+03 1.051362464962415810e+00
4.223510269270388562e+03 1.015929026320377737e+00
4.226068829706014185e+03 8.763165402673854798e-01
4.228627389776672317e+03 9.094787355381407368e-01
4.231185949492582949e+03 1.049466713019046482e+00
4.233744508864109775e+03 1.014609957974703436e+00
4.236303067901763825e+03 9.691652140951659833e-01
4.238861626616199828e+03 9.938778592664836431e-01
4.241420185018218035e+03 1.009266549019849357e+00
4.243978743118766943e+03 1.032764040529506433e+00
4.246537300928936020e+03 1.061234138031034613e+00
4.249095858459963893e+03 9.769969075784479262e-01
4.251654415723231978e+03 9.717329968021105602e-01
4.254212972730269030e+03 9.856789302830765154e-01
4.256771529492748414e+03 1.025090143455039238e+00
4.259330086022488103e+03 9.663360649559882276e-01
4.261888642331453411e+03 9.377092569893342722e-01
4.264447198431753350e+03 1.048190354988577155e+00
4.267005754335643360e+03 1.038536588936032512e+00
4.269564310055522583e+03 9.836356351136377185e-01
4.272122865603939317e+03 9.028710201182129635e-01
4.274681420993582833e+03 9.128001173529791679e-01
4.277239976237290648e+03 9.927039906057317786e-01
4.279798531348044889e+03 1.012020726799289116e+00
4.282357086338973204e+03 9.999808687327832457e-01
4.284915641223347848e+03 1.015731445510899444e+00
4.287474196014588415e+03 9.643755105341844658e-01
4.290032750726258200e+03 9.115923212400647291e-01
4.292591305372066017e+03 9.406852128852543071e-01
4.295149859965866199e+03 9.233964534332036456e-01
4.297708414521660416e+03 9.161632339048262352e-01
4.300266969053592220e+03 8.195088440448886624e-01
4.302825523575954321e+03 8.000030056566278525e-01
4.305384078103181309e+03 8.294963494860456699e-01
4.307942632649856932e+03 7.732257394516622862e-01
4.310501187230705909e+03 7.903596929045062502e-01
4.313059741860603026e+03 8.467462490931123575e-01
4.315618296554564949e+03 9.965410439863047198e-01
4.318176851327755685e+03 1.110479117791391079e+00
4.320735406195483847e+03 1.125575782905687605e+00
4.323293961173203570e+03 1.010185316181031911e+00
4.325852516276514507e+03 9.139693493753477949e-01
4.328411071521161830e+03 1.003772644907194422e+00
4.330969626923036230e+03 1.091474697074592770e+00
4.333528182498173919e+03 1.083833540743529555e+00
4.336086738262754807e+03 1.051524682026571345e+00
4.338645294233107052e+03 9.715159151099997947e-01
4.341203850425702512e+03 8.724534132139065701e-01
4.343762406857158567e+03 9.330396473477774455e-01
4.346320963544238111e+03 1.048899522838637521e+00
4.348879520503849562e+03 1.089551886242709600e+00
4.351438077753046855e+03 1.048375427504786295e+00
4.353996635309029443e+03 1.032198303663037331e+00
4.356555193189142301e+03 1.573983078995806473e+00
4.359113751410875011e+03 2.471805968027543710e+00
4.361672309991862676e+03 1.955728533354495591e+00
4.364230868949886826e+03 1.208010081456947660e+00
4.366789428302873603e+03 1.151447888368953398e+00
4.369347988068894665e+03 1.091277680158469821e+00
4.371906548266167192e+03 1.082967391366100207e+00
4.374465108913054792e+03 1.042816756909016096e+00
4.377023670028063862e+03 1.027101268329743577e+00
4.379582231629848138e+03 1.047119684114277360e+00
4.382140793737207787e+03 1.007096745888407918e+00
4.384699356369085763e+03 9.068770127405322290e-01
4.387257919544572360e+03 9.419966054603249317e-01
4.389816483282902482e+03 9.800344060935304302e-01
4.392375047603456551e+03 9.929910595102681148e-01
4.394933612525760509e+03 1.021874267483855014e+00
4.397492178069485817e+03 1.051508628535626544e+00
4.400050744254449455e+03 1.021788872283602156e+00
4.402609311100613013e+03 1.005411191812364935e+00
4.405167878628084509e+03 9.634262931768645677e-01
4.407726446857117480e+03 9.765747750681941231e-01
4.410285015808109165e+03 1.023210534794821269e+00
4.412843585501605048e+03 1.059999916539447362e+00
4.415402155958292497e+03 1.013262969751182130e+00
4.417960727199007124e+03 1.026526849570636557e+00
4.420519299244729154e+03 1.058325767735339706e+00
4.423077872116584331e+03 1.026077770732840122e+00
4.425636445835842096e+03 1.030496147862300704e+00
4.428195020423921051e+03 1.053993689207559425e+00
4.430753595902381676e+03 1.039671828365855699e+00
4.433312172292931791e+03 1.013108937196547377e+00
4.435870749617422916e+03 1.018635626524443838e+00
4.438429327897854819e+03 1.054387368612735409e+00
4.440987907156369147e+03 1.023834698808698818e+00
4.443546487415254887e+03 1.007218800765442346e+00
4.446105068696948365e+03 1.016557517368285701e+00
4.448663651024026876e+03 1.025101906555965003e+00
4.451222234419216875e+03 1.025474405290291768e+00
4.453780818905388514e+03 1.002855430919020963e+00
4.456339404505557468e+03 1.000031320795417011e+00
4.458897991242886746e+03 9.747952205533441106e-01
4.461456579140680333e+03 9.678373479953945591e-01
4.464015168222393186e+03 9.720930666048218649e-01
4.466573758511621236e+03 9.995968317810320913e-01
4.469132350032107752e+03 9.923736048979470148e-01
4.471690942807741521e+03 1.001959503020163345e+00
4.474249536862555942e+03 1.028971692039332364e+00
4.476808132220730840e+03 1.031115192968493410e+00
4.479366728906591561e+03 1.023086721489174789e+00
4.481925326944607150e+03 9.776211481283609839e-01
4.484483926359393081e+03 9.792260763311922966e-01
4.487042527175711257e+03 1.032491359500059325e+00
4.489601129418467281e+03 1.000002338002167201e+00
4.492159733112713184e+03 9.960346645810475019e-01
4.494718338283645608e+03 9.991911770682351257e-01
4.497276944956608531e+03 1.000505973035666907e+00
4.499835553157088725e+03 1.029649661159021123e+00
4.502394162910721207e+03 1.036474102091960781e+00
4.504952774243282875e+03 1.038315415080502291e+00
4.507511387180698875e+03 1.072649741832184755e+00
4.510070001749039875e+03 1.057953997623002129e+00
4.512628617974520239e+03 1.104029191029789914e+00
4.515187235883499852e+03 1.035158659532198877e+00
4.517745855502485028e+03 1.041596250204585461e+00
4.520304476858128510e+03 1.049168618683283372e+00
4.522863099977224920e+03 1.050839614103676434e+00
4.525421724886718948e+03 1.012209468926505984e+00
4.527980351613696257e+03 9.636497080910727542e-01
4.530538980185390756e+03 9.507972792281138563e-01
4.533097610629180053e+03 9.726371735360270776e-01
4.535656242972589098e+03 9.733351260555370699e-01
4.538214877243287447e+03 1.005256448465584818e+00
4.540773513469089266e+03 1.021715236374314717e+00
4.543332151677954243e+03 1.012107002672683942e+00
4.545890791897988493e+03 1.017161297260205988e+00
4.548449434157442738e+03 9.839097491177739574e-01
4.551008078484713224e+03 9.720654908522202708e-01
4.553566724908342621e+03 9.647236807348004151e-01
4.556125373457018213e+03 9.805927392208141358e-01
4.558684024159570981e+03 1.007559019822925839e+00
4.561242677044981065e+03 1.040640608545146728e+00
4.563801332142370484e+03 1.044272294024973791e+00
4.566359989481008597e+03 1.012324025873422073e+00
4.568918649090310282e+03 1.004984375831071697e+00
4.571477310999835026e+03 1.018427766130706846e+00
4.574035975239286927e+03 1.009306927123530206e+00
4.576594641838518328e+03 1.051416978492458743e+00
4.579153310827523455e+03 1.028834142750570280e+00
4.581711982236445692e+03 9.955119933748880490e-01
4.584270656095570303e+03 9.718502725818413124e-01
4.586829332435329889e+03 9.963956175363352097e-01
4.589388011286301662e+03 1.010895091119675016e+00
4.591946692679210173e+03 1.012002996010876510e+00
4.594505376644922762e+03 9.864606049988849934e-01
4.597064063214453199e+03 9.854191391756558227e-01
4.599622752418961682e+03 1.001391840192459748e+00
4.602181444289753017e+03 9.949313115067637270e-01
4.604740138858276623e+03 9.981064860627791857e-01
4.607298836156128345e+03 1.005559824977460659e+00
4.609857536215048640e+03 1.030557573461242882e+00
4.612416239066925300e+03 1.024525910432907860e+00
4.614974944743788910e+03 1.020107449715594861e+00
4.617533653277817393e+03 1.021196643679921578e+00
4.620092364701333281e+03 1.016350494731017351e+00
4.622651079046805535e+03 1.017931558656844482e+00
4.625209796346845906e+03 1.034839004044952659e+00
4.627768516634214393e+03 1.020448626996779629e+00
4.630327239941814696e+03 1.042086808117887342e+00
4.632885966302696943e+03 1.023509049401368554e+00
4.635444695750056781e+03 1.010263576645120898e+00
4.638003428317235375e+03 1.001244656444686854e+00
4.640562164037716684e+03 9.897982325261873715e-01
4.643120902945132912e+03 9.997791872834393967e-01
4.645679645073262691e+03 9.881958255935963109e-01
4.648238390456025627e+03 9.582527197496172322e-01
4.650797139127491391e+03 9.718505706610861550e-01
4.653355891121872446e+03 1.011538904570242758e+00
4.655914646473527682e+03 9.837563063564684906e-01
4.658473405216959691e+03 9.994405367254138861e-01
4.661032167386818401e+03 1.034538269927675724e+00
4.663590933017900170e+03 1.010824940272733174e+00
4.666149702145143237e+03 9.850956273988416001e-01
4.668708474803634090e+03 9.454230738240554377e-01
4.671267251028603823e+03 9.867732759585989832e-01
4.673826030855429053e+03 1.012207773942727762e+00
4.676384814319630095e+03 1.014940817623264824e+00
4.678943601456876422e+03 1.006914702892708124e+00
4.681502392302979388e+03 9.813935754212612661e-01
4.684061186893897684e+03 9.889406512650167347e-01
4.686619985265734613e+03 9.883474776195284583e-01
4.689178787454738995e+03 9.938485610452539865e-01
4.691737593497305170e+03 9.821347137176276165e-01
4.694296403429972997e+03 9.896890299894676168e-01
4.696855217289428765e+03 9.929387505768239031e-01
4.699414035112501551e+03 9.634646152513162143e-01
4.701972856936167773e+03 9.697640460446683708e-01
4.704531682797549365e+03 9.377556198276466581e-01
4.707090512733912874e+03 9.447984756956919750e-01
4.709649346782670364e+03 9.431911306447172683e-01
4.712208184981380327e+03 9.565488430740431980e-01
4.714767027367744959e+03 9.647750817116983457e-01
4.717325873979613789e+03 9.598008322885989152e-01
4.719884724854980050e+03 1.023981197572694235e+00
4.722443580031982492e+03 1.018775074880185372e+00
4.725002439548908114e+03 1.017365400156529320e+00
4.727561303444184887e+03 9.959292670539882097e-01
4.730120171756389027e+03 9.478621486549347885e-01
4.732679044524243182e+03 9.540739456347570036e-01
4.735237921786610968e+03 9.618478456492012274e-01
4.737796803582506982e+03 9.666871686249015605e-01
4.740355689951087697e+03 9.796095129286637171e-01
4.742914580931654200e+03 9.885719370829992858e-01
4.745473476563656732e+03 1.010651015435593880e+00
4.748032376886688326e+03 9.978775043353949048e-01
4.750591281940487534e+03 1.012281833489812488e+00
4.753150191764938427e+03 1.006327534896177989e+00
4.755709106400072415e+03 9.939187540383754849e-01
4.758268025886062787e+03 9.802145607951161521e-01
4.760826950263231083e+03 9.860635986961202581e-01
4.763385879572043450e+03 9.754231095513749006e-01
4.765944813853111555e+03 9.287664738535739151e-01
4.768503753147191674e+03 9.579730513841587802e-01
4.771062697495186512e+03 9.801499473621380076e-01
4.773621646938143385e+03 9.804351200773584463e-01
4.776180601517256036e+03 9.973210576446661646e-01
4.778739561273862819e+03 1.016013469803238145e+00
4.781298526249447605e+03 1.001709754488675941e+00
4.783857496485639786e+03 1.004448628926040366e+00
4.786416472024215182e+03 9.885538356525661596e-01
4.788975452907092404e+03 9.574292867048376232e-01
4.791534439176337401e+03 9.797677813789446022e-01
4.794093430874162550e+03 9.923423075159056861e-01
4.796652428042923020e+03 1.010782045301004572e+00
4.799211430725121318e+03 9.797036132376319983e-01
4.801770438963404558e+03 9.887314809976864849e-01
4.804329452800566287e+03 9.814837695211101609e-01
4.806888472279542839e+03 9.940800251747812233e-01
4.809447497443419707e+03 9.788640052871528940e-01
4.812006528335424264e+03 9.903200132494170971e-01
4.814565564998933041e+03 9.948679419727022299e-01
4.817124607477463542e+03 1.004092095754908653e+00
4.819683655814682425e+03 1.017767006999858115e+00
4.822242710054399140e+03 1.031439374828996280e+00
4.824801770240572296e+03 1.008067597485815092e+00
4.827360836417300561e+03 1.004334029553966445e+00
4.829919908628831763e+03 9.948823210208536105e-01
4.832478986919559247e+03 9.856009105702088213e-01
4.835038071334020060e+03 9.916865300832768959e-01
4.837597161916896766e+03 1.000570050240202624e+00
4.840156258713019270e+03 9.796549712775416419e-01
4.842715361767360264e+03 9.773496834011535794e-01
4.845274471125039781e+03 9.910720664691046178e-01
4.847833586831322464e+03 1.007762655911944583e+00
4.850392708931619381e+03 9.915576837483069950e-01
4.852951837471485305e+03 9.939555459366558043e-01
4.855510972496622344e+03 9.500311064844833009e-01
4.858070114052875397e+03 9.239914124031307630e-01
4.860629262186237611e+03 8.295129109158908554e-01
4.863188416942844924e+03 8.104759823405027763e-01
4.865747578368982431e+03 8.952420732104657830e-01
4.868306746511077108e+03 9.478393753141661771e-01
4.870865921415701450e+03 9.315970991164298498e-01
4.873425103129576200e+03 9.090958557065075274e-01
4.875984291699565802e+03 9.575864107553482274e-01
4.878543487172678397e+03 9.773960054395312014e-01
4.881102689596071286e+03 9.932613380045964835e-01
4.883661899017043652e+03 9.903504048182546482e-01
4.886221115483042013e+03 9.600890352226177926e-01
4.888780339041658408e+03 9.381827400006220730e-01
4.891339569740628576e+03 9.133969784964053318e-01
4.893898807627836504e+03 9.533149697913904097e-01
4.896458052751308969e+03 1.016389068157675046e+00
4.899017305159219177e+03 1.022672342177277871e+00
4.901576564899886762e+03 1.019692091825734392e+00
4.904135832021774149e+03 9.967039239371118242e-01
4.906695106573492012e+03 9.988724110542229750e-01
4.909254388603793814e+03 9.965446269442667093e-01
4.911813678161581265e+03 9.772281601049052080e-01
4.914372975295899778e+03 1.000604989961601410e+00
4.916932280055940282e+03 1.021713812390519616e+00
4.919491592491040137e+03 9.258216278831825630e-01
4.922050912650679493e+03 9.043911339153127837e-01
4.924610240584486746e+03 9.354723601972797509e-01
4.927169576342234905e+03 9.732874068605769091e-01
4.929728919973841585e+03 1.017269992878304663e+00
4.932288271529370832e+03 1.003471920587769572e+00
4.934847631059032210e+03 9.805506276076390026e-01
4.937406998613178985e+03 9.488398997342852859e-01
4.939966374242311758e+03 9.525400753110372376e-01
4.942525757997074834e+03 9.898048266751975355e-01
4.945085149928261671e+03 1.003972224433911320e+00
4.947644550086804884e+03 1.014433917276337027e+00
4.950203958523788060e+03 1.027745079460946842e+00
4.952763375290438489e+03 1.033562078169232512e+00
4.955322800438127160e+03 1.025581811096213825e+00
4.957882234018372401e+03 9.635889912096895493e-01
4.960441676082837148e+03 9.811637705145767052e-01
4.963001126683331677e+03 1.059883855982688416e+00
4.965560585871808144e+03 1.042165209735423481e+00
4.968120053700366952e+03 1.065969651684889774e+00
4.970679530221252207e+03 1.036703963459964628e+00
4.973239015486855351e+03 1.064686602562939122e+00
4.975798509549710616e+03 1.102796590331636573e+00
4.978358012462500483e+03 1.101679569523100755e+00
4.980917524278051133e+03 1.130343824328183366e+00
4.983477045049335175e+03 1.122562505541149669e+00
4.986036574829468009e+03 1.112468896364270377e+00
4.988596113671714193e+03 1.139187069715656753e+00
4.991155661629481983e+03 1.113932327137660883e+00
4.993715218756324248e+03 1.078323748668670312e+00
4.996274785105939372e+03 1.077485624757100524e+00
4.998834360732173991e+03 1.053627036253555360e+00
5.001393945689016618e+03 1.025843752452797242e+00
5.003953540030603108e+03 1.018382030750357270e+00
5.006513143811213013e+03 9.865033217448406777e-01
5.009072757085273224e+03 1.013287654923355374e+00
5.011632379907356153e+03 1.020718233211731496e+00
5.014192012332177910e+03 9.817576999477489741e-01
5.016751654414600125e+03 9.729385365087618309e-01
5.019311306209632676e+03 9.808646563249849848e-01
5.021870967772427321e+03 9.851681468029935829e-01
5.024430639158282247e+03 1.003463326222908236e+00
5.026990320422642981e+03 1.010419080563404570e+00
5.029550011621098747e+03 1.016483796299421316e+00
5.032109712809383382e+03 1.036559833842345402e+00
5.034669424043378967e+03 1.039614353976951122e+00
5.037229145379109468e+03 1.005437541524322853e+00
5.039788876872746187e+03 9.792061712252607686e-01
5.042348618580606853e+03 9.712657895587762935e-01
5.044908370559152900e+03 1.014350015217970746e+00
5.047468132864991276e+03 1.046420331436817452e+00
5.050027905554876270e+03 1.013461594459223791e+00
5.052587688685704052e+03 1.021062076054296552e+00
5.055147482314519948e+03 1.033086181003836090e+00
5.057707286498512985e+03 1.050668870488525419e+00
5.060267101295015891e+03 1.067025093180471895e+00
5.062826926761510549e+03 1.069645912185730907e+00
5.065386762955621634e+03 1.046290355611902090e+00
5.067946609935120250e+03 1.009112624329283170e+00
5.070506467757921200e+03 1.022388460229993523e+00
5.073066336482088445e+03 1.029597750928842315e+00
5.075626216165826918e+03 1.013930175524799582e+00
5.078186106867488888e+03 1.014384964205970130e+00
5.080746008645573966e+03 9.859337326288473147e-01
5.083305921558724549e+03 9.826507964631452374e-01
5.085865845665728557e+03 1.026849378090230580e+00
5.088425781025522156e+03 1.030987491132533629e+00
5.090985727697181574e+03 1.036520722513455395e+00
5.093545685739934925e+03 1.043722412210991379e+00
5.096105655213151294e+03 1.030129629692761339e+00
5.098665636176346197e+03 9.842040082783729549e-01
5.101225628689181576e+03 9.911993705310226943e-01
5.103785632811463074e+03 1.020671586220331051e+00
5.106345648603142763e+03 1.021498565712610551e+00
5.108905676124319143e+03 1.014018662374188695e+00
5.111465715435234415e+03 1.021669662966866232e+00
5.114025766596276299e+03 1.034988935316821346e+00
5.116585829667979851e+03 1.042587437172837861e+00
5.119145904711022922e+03 1.062217670477775933e+00
5.121705991786230697e+03 1.038956510776717801e+00
5.124266090954572064e+03 1.010442701677397581e+00
5.126826202277164157e+03 9.883667133210148892e-01
5.129386325815266900e+03 9.961459590714795143e-01
5.131946461630285739e+03 1.002833392116106115e+00
5.134506609783773456e+03 1.008480629921639560e+00
5.137066770337425623e+03 1.000231659886813063e+00
5.139626943353086972e+03 9.956131700214452263e-01
5.142187128892743203e+03 1.006661579039386689e+00
5.144747327018529177e+03 9.854092081644448831e-01
5.147307537792721632e+03 9.890769428780159522e-01
5.149867761277747377e+03 1.028719811826085184e+00
5.152427997536173280e+03 1.042166824148893944e+00
5.154988246630716276e+03 1.055826259213415552e+00
5.157548508624236092e+03 1.040797639494151605e+00
5.160108783579737974e+03 1.037783151312808405e+00
5.162669071560373595e+03 1.010119835265477439e+00
5.165229372629439240e+03 9.588437429315763705e-01
5.167789686850377620e+03 8.694701561431784631e-01
5.170350014286776059e+03 8.717546812863435912e-01
5.172910355002366487e+03 8.468034587859579743e-01
5.175470709061028174e+03 8.929861665799982973e-01
5.178031076526785000e+03 9.911616215168315147e-01
5.180591457463805455e+03 9.890716519022773046e-01
5.183151851936403546e+03 8.952801031281923949e-01
5.185712260009040619e+03 8.728811595610761476e-01
5.188272681746321723e+03 9.658548235090824718e-01
5.190833117212996513e+03 9.677646751155424276e-01
5.193393566473962892e+03 9.602998783771938829e-01
5.195954029594261556e+03 9.587751785352957024e-01
5.198514506639079627e+03 9.726668143071660610e-01
5.201074997673748840e+03 1.011926831032330387e+00
5.203635502763748264e+03 1.008297959135779687e+00
5.206196021974700670e+03 9.657550737576584554e-01
5.208756555372375260e+03 9.560243117133029322e-01
5.211317103022685842e+03 9.906222434777650632e-01
5.213877664991691745e+03 1.013834316932373358e+00
5.216438241345597817e+03 9.895982178394571172e-01
5.218998832150755334e+03 9.968657700943475142e-01
5.221559437473659273e+03 1.012623656045864573e+00
5.224120057380951039e+03 1.016682457348540014e+00
5.226680691939417557e+03 9.494989610053101714e-01
5.229241341215990360e+03 9.512461780874128525e-01
5.231802005277747412e+03 9.901346748600838854e-01
5.234362684191911285e+03 9.828126057706909613e-01
5.236923378025850980e+03 9.936534178074690749e-01
5.239484086847080107e+03 1.020476671534353397e+00
5.242044810723255978e+03 1.031521059890109004e+00
5.244605549722185970e+03 1.024818175797408415e+00
5.247166303911817522e+03 1.035999529806197694e+00
5.249727073360249051e+03 1.000577741738390980e+00
5.252287858135718125e+03 1.004683990166635787e+00
5.254848658306613288e+03 1.005300739055906778e+00
5.257409473941464057e+03 1.034568985270800656e+00
5.259970305108950015e+03 1.056577854950973450e+00
5.262531151877891716e+03 1.002946873095661884e+00
5.265092014317258872e+03 9.612555550993359121e-01
5.267652892496162167e+03 9.548069954225937295e-01
5.270213786483862350e+03 9.482297329141167186e-01
5.272774696349763872e+03 9.804058913671681585e-01
5.275335622163414882e+03 9.922083163153173624e-01
5.277896563994511780e+03 9.963660349017626761e-01
5.280457521912893753e+03 9.977870997261273356e-01
5.283018495988547329e+03 9.837804451008881346e-01
5.285579486291603644e+03 9.898745466415058702e-01
5.288140492892338443e+03 1.020764838516243778e+00
5.290701515861175722e+03 1.032561714132702813e+00
5.293262555268681353e+03 1.028861422273914084e+00
5.295823611185569462e+03 1.017085647765531453e+00
5.298384683682696959e+03 9.827211559891679826e-01
5.300945772831069007e+03 9.795497943057287493e-01
5.303506878701833557e+03 9.908132216586414964e-01
5.306068001366286808e+03 1.013571262736369993e+00
5.308629140895866840e+03 1.009615557211058112e+00
5.311190297362160891e+03 1.019579709955662494e+00
5.313751470836898079e+03 1.007718632810887138e+00
5.316312661391955771e+03 9.719047829665318217e-01
5.318873869099355943e+03 9.789305062293504056e-01
5.321435094031264271e+03 9.834604805490737567e-01
5.323996336259994678e+03 9.432963279533230772e-01
5.326557595858004788e+03 9.242039332910951810e-01
5.329118872897896836e+03 8.971162087944452024e-01
5.331680167452421301e+03 9.195085121132382522e-01
5.334241479594471457e+03 9.561831204494953829e-01
5.336802809397086094e+03 9.656820185383816479e-01
5.339364156933452250e+03 9.421754481332306197e-01
5.341925522276898846e+03 9.546367071540490246e-01
5.344486905500902139e+03 9.711042760619340575e-01
5.347048306679082089e+03 1.048821111817017870e+00
5.349609725885208718e+03 1.043454832000178634e+00
5.352171163193191205e+03 1.013400032873061019e+00
5.354732618677087885e+03 1.048580374718299346e+00
5.357294092411101701e+03 1.072630333542053949e+00
5.359855584469582027e+03 1.070821064832781389e+00
5.362417094927021026e+03 1.056132324842525172e+00
5.364978623858058199e+03 1.030049577449337672e+00
5.367540171337478569e+03 1.007053262144708805e+00
5.370101737440212673e+03 9.763404749942428129e-01
5.372663322241334754e+03 9.627715285426565739e-01
5.375224925816066389e+03 9.990765896831311776e-01
5.377786548239774675e+03 1.004353483291864801e+00
5.380348189587970410e+03 9.909482265775260146e-01
5.382909849936309911e+03 9.863818586467707483e-01
5.385471529360596833e+03 9.773113898326857285e-01
5.388033227936779440e+03 9.713982179239766257e-01
5.390594945740949697e+03 9.652360938944541946e-01
5.393156682849347817e+03 9.374273184602078812e-01
5.395718439338357712e+03 9.326519219634543667e-01
5.398280215284507904e+03 9.288627231846775523e-01
5.400842010764474253e+03 9.401124997943878236e-01
5.403403825855077230e+03 9.269522724746914744e-01
5.405965660633282823e+03 9.062015704766701596e-01
5.408527515176201632e+03 9.097552406353786036e-01
5.411089389561091593e+03 9.377398534269726360e-01
5.413651283865354344e+03 9.859664611041160098e-01
5.416213198166537040e+03 1.052075882772801840e+00
5.418775132542332358e+03 1.054939373636924138e+00
5.421337087070580310e+03 1.038213571504924548e+00
5.423899061829262791e+03 1.022629916154191410e+00
5.426461056896509035e+03 1.006561568038741417e+00
5.429023072350595612e+03 1.019429633434955962e+00
5.431585108269940974e+03 9.841847137149006830e-01
5.434147164733110912e+03 9.718461416833680255e-01
5.436709241818816736e+03 9.789076433123120591e-01
5.439271339605913454e+03 1.014182417386125801e+00
5.441833458173404324e+03 1.023867386926680112e+00
5.444395597600436304e+03 1.001346894660524622e+00
5.446957757966301870e+03 9.816461877701676553e-01
5.449519939350437198e+03 1.000082631735896399e+00
5.452082141832428533e+03 1.020537792862015847e+00
5.454644365492002180e+03 1.023492632256905566e+00
5.457206610409034511e+03 1.069851030783063761e+00
5.459768876663543779e+03 1.497362822506543845e+00
5.462331164335695576e+03 1.714419862350611057e+00
5.464893473505800102e+03 1.328571215205563316e+00
5.467455804254313080e+03 1.065332340466415229e+00
5.470018156661836656e+03 1.035863456868650445e+00
5.472580530809116681e+03 1.023438788037074110e+00
5.475142926777046341e+03 9.945871416012764810e-01
5.477705344646661615e+03 9.720939607005015803e-01
5.480267784499147638e+03 9.818281448406553924e-01
5.482830246415830516e+03 9.854504608033864965e-01
5.485392730478185513e+03 1.002921042761170556e+00
5.487955236767831593e+03 9.923177166018303241e-01
5.490517765366532331e+03 1.011844280554889952e+00
5.493080316356199546e+03 1.006006971324723498e+00
5.495642889818888762e+03 9.950931015984215700e-01
5.498205485836799198e+03 1.000029915804765190e+00
5.500768104492278326e+03 1.007852024810330205e+00
5.503330745867817313e+03 9.990678661547770512e-01
5.505893410046053759e+03 9.905248982155331339e-01
5.508456097109770781e+03 9.908925123357497089e-01
5.511018807141895195e+03 9.848686416774138364e-01
5.513581540225500248e+03 9.906708826626340336e-01
5.516144296443806525e+03 9.920971760889957247e-01
5.518707075880176490e+03 1.003132225214290241e+00
5.521269878618121766e+03 1.006659166025576813e+00
5.523832704741294947e+03 1.007785287730748269e+00
5.526395554333498694e+03 9.943039586123813001e-01
5.528958427478677550e+03 9.768075460328189408e-01
5.531521324260923393e+03 9.809415066981103104e-01
5.534084244764472714e+03 9.838256243755447716e-01
5.536647189073708432e+03 9.856525818448811371e-01
5.539210157273157165e+03 9.944754674696167918e-01
5.541773149447491960e+03 1.005286301276736793e+00
5.544336165681532293e+03 9.904510637545622664e-01
5.546899206060241340e+03 1.011969796813027900e+00
5.549462270668727797e+03 1.001921318783394854e+00
5.552025359592247696e+03 1.002797354966825871e+00
5.554588472916199862e+03 9.790329926574042885e-01
5.557151610726130457e+03 9.943463394096997421e-01
5.559714773107730252e+03 9.959216849937593263e-01
5.562277960146835539e+03 9.957431373705213362e-01
5.564841171929428128e+03 9.869662240192842440e-01
5.567404408541635348e+03 1.005644456499817929e+00
5.569967670069730048e+03 1.000142974838622800e+00
5.572530956600128775e+03 9.838718257639305076e-01
5.575094268219397236e+03 1.063559540095662781e+00
5.577657605014243018e+03 1.190534161621432663e+00
5.580220967071520136e+03 1.153006951089888155e+00
5.582784354478228124e+03 1.045901193785335970e+00
5.585347767321512947e+03 1.005588965328094275e+00
5.587911205688665177e+03 1.013068916601915337e+00
5.590474669667119997e+03 1.034795896869737053e+00
5.593038159344459018e+03 1.041561791062662445e+00
5.595601674808409371e+03 1.032895593094907527e+00
5.598165216146842795e+03 1.041650306449777963e+00
5.600728783447777460e+03 1.026339564288678119e+00
5.603292376799376143e+03 1.029398659724720444e+00
5.605855996289946233e+03 1.032937048895257170e+00
5.608419642007943366e+03 1.034053184456096508e+00
5.610983314041965968e+03 1.041759831172199169e+00
5.613547012480758895e+03 1.013053348567391376e+00
5.616110737413211609e+03 9.993830163556161050e-01
5.618674488928360915e+03 1.015302966044425714e+00
5.621238267115386407e+03 1.026115371110602581e+00
5.623802072063615014e+03 1.003565502690578093e+00
5.626365903862519190e+03 1.004009211314636829e+00
5.628929762601715083e+03 1.011946278030472657e+00
5.631493648370966184e+03 1.021078442018087840e+00
5.634057561260179682e+03 1.019774513869260657e+00
5.636621501359410104e+03 1.016920768018286347e+00
5.639185468758854768e+03 1.016452358637506270e+00
5.641749463548860149e+03 1.003129530935635394e+00
5.644313485819913694e+03 1.015100153800050808e+00
5.646877535662652008e+03 1.027088252805912427e+00
5.649441613167855394e+03 1.013871199168692838e+00
5.652005718426448766e+03 1.021671942852825588e+00
5.654569851529505286e+03 1.016001841213193257e+00
5.657134012568239996e+03 1.005858520436532233e+00
5.659698201634016186e+03 9.949874724620476618e-01
5.662262418818341757e+03 1.004677173249267419e+00
5.664826664212869218e+03 1.031032222741027793e+00
5.667390937909395689e+03 1.043164576930443621e+00
5.669955239999867445e+03 1.078880043595869642e+00
5.672519570576372644e+03 1.113546953314163979e+00
5.675083929731146782e+03 1.103545649374409576e+00
5.677648317556568145e+03 1.126307313691654821e+00
5.680212734145165086e+03 1.153622291664208488e+00
5.682777179589605112e+03 1.247335168390289128e+00
5.685341653982707612e+03 1.337324082177162143e+00
5.687906157417432951e+03 1.417435063196390788e+00
5.690470689986888829e+03 1.420303524838115949e+00
5.693035251784327556e+03 1.356783796867705227e+00
5.695599842903147874e+03 1.264629344859578897e+00
5.698164463436892220e+03 1.171057075579134743e+00
5.700729113479250373e+03 1.096350480790938775e+00
5.703293793124055810e+03 1.057315973230401607e+00
5.705858502465289348e+03 1.047647523307476902e+00
5.708423241597074593e+03 1.021522632160082766e+00
5.710988010613684310e+03 1.003353867514459985e+00
5.713552809609533142e+03 1.002753596471835262e+00
5.716117638679182164e+03 1.003114717949899370e+00
5.718682497917337969e+03 1.009319432541528894e+00
5.721247387418854487e+03 1.005447300177800818e+00
5.723812307278727531e+03 1.019295566490367788e+00
5.726377257592102069e+03 1.002758271470011620e+00
5.728942238454264952e+03 1.001257262277581939e+00
5.731507249960650370e+03 1.001081709464279879e+00
5.734072292206838029e+03 9.954380093801357132e-01
5.736637365288552246e+03 1.009029289201205160e+00
5.739202469301664678e+03 1.003757941100843043e+00
5.741767604342188861e+03 9.899962829419842736e-01
5.744332770506286579e+03 9.865820423125768457e-01
5.746897967890265136e+03 1.001571002278437206e+00
5.749463196590574626e+03 9.694592861627474578e-01
5.752028456703813390e+03 9.631179451977893713e-01
5.754593748326724381e+03 9.641428809904825092e-01
5.757159071556195158e+03 9.630342595989639376e-01
5.759724426489258803e+03 9.786021263214392807e-01
5.762289813223094825e+03 9.822020142346677973e-01
5.764855231855028251e+03 9.971685605485949289e-01
5.767420682482526900e+03 1.043963270880633898e+00
5.769986165203207747e+03 1.101353696231772705e+00
5.772551680114831470e+03 1.049925929706926775e+00
5.775117227315302443e+03 1.005158923452950770e+00
5.777682806902672382e+03 9.767611373805208386e-01
5.780248418975140339e+03 9.529227900547180274e-01
5.782814063631045428e+03 9.573904051025617923e-01
5.785379740968877741e+03 9.607635358320406604e-01
5.787945451087269248e+03 1.004712600201857819e+00
5.790511194084999261e+03 1.046336949676819117e+00
5.793076970060989879e+03 1.052897188207248647e+00
5.795642779114312361e+03 9.973457945345618469e-01
5.798208621344181665e+03 9.780909782497917426e-01
5.800774496849956449e+03 9.735919962257564286e-01
5.803340405731142710e+03 1.000038574450722750e+00
5.805906348087391962e+03 9.876985320355464726e-01
5.808472324018501240e+03 9.787880976754301798e-01
5.811038333624410370e+03 9.749511788925563360e-01
5.813604377005209244e+03 9.705870159333673808e-01
5.816170454261127816e+03 9.817132233330948532e-01
5.818736565492546106e+03 9.753608127564483699e-01
5.821302710799986926e+03 1.002108432397226467e+00
5.823868890284119516e+03 9.977822664479533143e-01
5.826435104045758635e+03 9.972361255634859534e-01
5.829001352185862743e+03 1.001323537453409740e+00
5.831567634805538546e+03 1.007339126237702498e+00
5.834133952006035543e+03 1.014508266801150249e+00
5.836700303888749659e+03 9.991625280020357547e-01
5.839266690555223249e+03 1.017269982376774129e+00
5.841833112107142369e+03 1.001694232893340475e+00
5.844399568646340413e+03 1.002220835232115137e+00
5.846966060274793563e+03 1.012464181743163438e+00
5.849532587094625342e+03 1.003878745453174570e+00
5.852099149208105700e+03 1.006121500528945445e+00
5.854665746717647380e+03 9.998275889752515910e-01
5.857232379725809551e+03 9.866433136822024830e-01
5.859799048335297812e+03 9.887511128006477579e-01
5.862365752648961461e+03 9.911260289864460837e-01
5.864932492769796227e+03 9.913053804303032512e-01
5.867499268800945174e+03 9.985671938558411398e-01
5.870066080845691431e+03 9.958243366870307423e-01
5.872632929007469102e+03 9.969316437363242578e-01
5.875199813389855080e+03 9.942349603652900214e-01
5.877766734096571781e+03 9.771586331126896896e-01
5.880333691231487137e+03 9.340017693473073868e-01
5.882900684898615509e+03 9.097017641240624508e-01
5.885467715202114960e+03 8.821793836928589760e-01
5.888034782246289979e+03 9.224311500626654059e-01
5.890601886135591485e+03 9.160349393618750780e-01
5.893169026974614098e+03 9.151490870904562813e-01
5.895736204868097047e+03 8.895025483572674974e-01
5.898303419920928718e+03 8.492187541335628476e-01
5.900870672238138468e+03 8.104601519086318540e-01
5.903437961924903902e+03 8.200585014883164936e-01
5.906005289086549055e+03 8.370040371913445298e-01
5.908572653828538932e+03 8.510653192468865536e-01
5.911140056256487696e+03 8.694689186654126489e-01
5.913707496476155029e+03 8.882848740570334911e-01
5.916274974593443403e+03 9.020866059274501580e-01
5.918842490714403539e+03 9.159457973222031590e-01
5.921410044945228947e+03 9.275836663215187849e-01
5.923977637392259567e+03 9.622767481967657854e-01
5.926545268161982676e+03 9.734844398457795922e-01
5.929112937361028344e+03 9.966361443216632532e-01
5.931680645096173976e+03 1.030582408127097116e+00
5.934248391474339769e+03 1.030384049771004396e+00
5.936816176602594169e+03 1.026110965633083572e+00
5.939384000588150229e+03 1.013680189116915153e+00
5.941951863538364705e+03 1.006804702279392894e+00
5.944519765560743508e+03 1.001939743815425832e+00
5.947087706762933522e+03 9.890395411268448900e-01
5.949655687252728967e+03 1.003812616197735874e+00
5.952223707138071404e+03 1.004362522466905494e+00
5.954791766527045183e+03 1.011988347213321759e+00
5.957359865527880174e+03 1.014569644138259452e+00
5.959928004248953584e+03 1.011071977924856036e+00
5.962496182798787231e+03 1.015235618368615977e+00
5.965064401286046632e+03 1.011995321998020447e+00
5.967632659819544642e+03 9.976027930708242231e-01
5.970200958508239637e+03 1.016905294120137748e+00
5.972769297461234601e+03 1.195479795662571343e+00
5.975337676787777127e+03 1.018173441760727327e+00
5.977906096597262149e+03 1.019880798566662250e+00
5.980474556999229208e+03 1.013217801097518356e+00
5.983043058103361545e+03 1.017434055225504563e+00
5.985611600019492471e+03 1.014422938345051151e+00
5.988180182857594446e+03 1.017726054735943020e+00
5.990748806727789997e+03 1.024503308082063580e+00
5.993317471740346264e+03 1.027530758365339247e+00
5.995886178005674083e+03 1.031146955243146923e+00
5.998454925634330721e+03 1.048820915083997996e+00
6.001023714737020782e+03 1.018345889550104078e+00
6.003592545424589844e+03 1.025950823649649513e+00
6.006161417808032638e+03 1.026260737205032081e+00
6.008730331998488509e+03 1.021308834475584293e+00
6.011299288107241409e+03 9.981300494853999616e-01
6.013868286245721720e+03 9.997708501905093748e-01
6.016437326525503522e+03 9.994573929257583034e-01
6.019006409058309146e+03 9.934949616187235266e-01
6.021575533956003710e+03 1.004551797695281135e+00
6.024144701330598764e+03 9.864836802385895664e-01
6.026713911294251375e+03 1.001613453972615142e+00
6.029283163959264130e+03 1.000421438864686818e+00
6.031852459438083315e+03 1.000239744135145159e+00
6.034421797843304375e+03 9.804240596219165882e-01
6.036991179287664636e+03 9.784942805944587541e-01
6.039560603884048760e+03 9.811770987962071811e-01
6.042130071745485111e+03 9.611647020680917919e-01
6.044699582985149391e+03 9.714030546426029034e-01
6.047269137716361001e+03 9.689037516317662302e-01
6.049838736052587592e+03 9.599144563312016487e-01
6.052408378107437784e+03 9.451165474390217369e-01
6.054978063994669355e+03 9.332017942241931374e-01
6.057547793828185604e+03 9.438919907727536529e-01
6.060117567722030799e+03 9.266226720858424803e-01
6.062687385790400185e+03 9.371859329539752315e-01
6.065257248147630889e+03 9.294698054458295777e-01
6.067827154908207376e+03 9.366099427626944918e-01
6.070397106186756901e+03 9.281082963166712441e-01
6.072967102098055875e+03 9.354123549151593942e-01
6.075537142757023503e+03 9.284205250660106934e-01
6.078107228278724506e+03 9.148588179456825786e-01
6.080677358778370035e+03 9.163182839351294851e-01
6.083247534371315851e+03 9.126922695562328380e-01
6.085817755173064143e+03 9.170828168091227361e-01
6.088388021299262618e+03 9.201164139026223321e-01
6.090958332865700868e+03 9.183099499384744790e-01
6.093528689988319456e+03 9.291776159095754828e-01
6.096099092783199922e+03 9.359032982982582460e-01
6.098669541366571138e+03 9.481563843129983127e-01
6.101240035854809321e+03 9.645876478563051304e-01
6.103810576364430744e+03 1.000741065121943940e+00
6.106381163012101752e+03 1.060529030840952736e+00
6.108951795914632385e+03 1.184506889738826230e+00
6.111522475188978206e+03 1.312099654785264136e+00
6.114093200952240295e+03 1.370532389878786450e+00
6.116663973321667072e+03 1.319396788014536970e+00
6.119234792414647018e+03 1.199555642024961122e+00
6.121805658348721408e+03 1.090745325460408699e+00
6.124376571241569764e+03 1.044986571936836750e+00
6.126947531211021669e+03 1.014014030968298341e+00
6.129518538375050412e+03 1.005920025422519126e+00
6.132089592851776615e+03 9.965232631266712771e-01
6.134660694759462785e+03 9.750883078292845729e-01
6.137231844216519676e+03 9.485708668362778928e-01
6.139803041341501739e+03 9.704689493198520589e-01
6.142374286253110768e+03 9.594476386342404295e-01
6.144945579070192252e+03 9.839657494419542516e-01
6.147516919911737205e+03 9.873307453867440353e-01
6.150088308896884882e+03 9.736237630043309554e-01
6.152659746144915516e+03 1.014839283493357502e+00
6.155231231775257584e+03 1.029598154072272731e+00
6.157802765907484172e+03 1.051540570810366892e+00
6.160374348661314798e+03 1.058662996751201124e+00
6.162945980156611768e+03 1.063268026324310167e+00
6.165517660513385636e+03 1.034100226835328096e+00
6.168089389851791566e+03 9.973203158676434699e-01
6.170661168292129332e+03 9.716902455273804806e-01
6.173232995954845137e+03 9.614373711033230574e-01
6.175804872960528883e+03 9.674847093717034996e-01
6.178376799429919629e+03 9.805142506177173534e-01
6.180948775483897407e+03 9.834220865022266223e-01
6.183520801243489586e+03 9.881646569631202803e-01
6.186092876829869056e+03 9.972147626074688853e-01
6.188665002364356042e+03 9.938245185383468572e-01
6.191237177968410833e+03 9.954528919566315581e-01
6.193809403763645605e+03 1.002568097221913312e+00
6.196381679871812594e+03 1.012883406064495562e+00
6.198954006414813193e+03 1.013014417194641359e+00
6.201526383514692498e+03 1.022359955453806535e+00
6.204098811293639301e+03 1.042396136313656019e+00
6.206671289873992464e+03 1.041905462672056304e+00
6.209243819378232729e+03 1.018793899952230131e+00
6.211816399928986357e+03 1.026892603819492766e+00
6.214389031649026947e+03 1.031265482714661008e+00
6.216961714661270889e+03 1.024222737302085351e+00
6.219534449088781912e+03 1.020685576742945244e+00
6.222107235054769262e+03 1.034304957985544116e+00
6.224680072682586797e+03 1.046493305421326570e+00
6.227252962095733892e+03 1.034632007283023958e+00
6.229825903417855443e+03 1.021606236154944281e+00
6.232398896772741864e+03 1.027132467327069421e+00
6.234971942284329089e+03 1.028424234371956514e+00
6.237545040076698569e+03 1.052786579658236743e+00
6.240118190274075459e+03 1.045969542192084045e+00
6.242691393000832250e+03 1.038264876879883669e+00
6.245264648381487859e+03 1.014268083747147386e+00
6.247837956540703090e+03 1.027822836930228245e+00
6.250411317603288808e+03 1.011418048962782201e+00
6.252984731694195943e+03 9.962750346592010864e-01
6.255558198938524583e+03 9.326492472142436929e-01
6.258131719461520333e+03 1.016829752121420238e+00
6.260705293388571590e+03 1.028008968454038108e+00
6.263278920845214088e+03 1.012330059371899127e+00
6.265852601957129082e+03 1.031045994035049596e+00
6.268426336850141524e+03 1.003816780694080091e+00
6.271000125650225527e+03 1.002940881114073424e+00
6.273573968483495264e+03 1.011647274810709041e+00
6.276147865476214974e+03 9.819023549791300320e-01
6.278721816754792599e+03 9.526451906639515910e-01
6.281295822445779777e+03 9.378028217635548947e-01
6.283869882675876397e+03 9.827422344335817739e-01
6.286443997571926957e+03 1.002655198083943766e+00
6.289018167260919654e+03 1.008593397464106145e+00
6.291592391869990024e+03 9.966752598987926870e-01
6.294166671526419123e+03 9.697429586101803389e-01
6.296741006357631704e+03 1.007653562699724503e+00
6.299315396491199863e+03 1.032925119222467991e+00
6.301889842054839391e+03 1.069465631515971848e+00
6.304464343176413422e+03 1.074941182151420760e+00
6.307038899983927877e+03 1.072273166785723708e+00
6.309613512605536016e+03 1.095443968941557600e+00
6.312188181169538439e+03 1.039148088206101495e+00
6.314762905804374896e+03 1.008201623708924188e+00
6.317337686638637024e+03 9.651756987679086519e-01
6.319912523801060161e+03 9.761037134180410302e-01
6.322487417420521524e+03 9.835692094237213912e-01
6.325062367626047489e+03 9.707409053882777306e-01
6.327637374546810861e+03 1.021080314963354496e+00
6.330212438312125414e+03 9.821897156348907698e-01
6.332787559051454082e+03 9.922792982153459951e-01
6.335362736894402587e+03 9.513565722521040158e-01
6.337937971970724902e+03 9.551829966562221941e-01
6.340513264410317788e+03 9.766618048340602876e-01
6.343088614343225345e+03 9.785090033311022450e-01
6.345664021899635372e+03 9.885029887339623622e-01
6.348239487209883009e+03 9.558358447413878300e-01
6.350815010404447094e+03 9.764347235701694716e-01
6.353390591613952893e+03 9.958050077304773096e-01
6.355966230969171193e+03 9.884153669972466361e-01
6.358541928601016480e+03 9.819536655581619922e-01
6.361117684640550578e+03 9.800200894814838914e-01
6.363693499218981742e+03 9.866351098523553631e-01
6.366269372467659196e+03 1.015114079094186383e+00
6.368845304518083140e+03 1.003888731607082807e+00
6.371421295501893837e+03 9.799910126317759040e-01
6.373997345550882528e+03 1.000895619736239528e+00
6.376573454796980513e+03 1.004538224317402584e+00
6.379149623372266433e+03 9.888911153252886166e-01
6.381725851408968083e+03 9.865706231249721236e-01
6.384302139039452413e+03 1.015610540332308354e+00
6.386878486396235530e+03 1.012801737052154039e+00
6.389454893611979969e+03 9.853295662134995414e-01
6.392031360819490146e+03 9.903532286492331416e-01
6.394607888151716907e+03 1.018857091253078551e+00
6.397184475741760252e+03 9.726258859665872780e-01
6.399761123722859338e+03 9.984579495476998412e-01
6.402337832228404295e+03 9.934541235425657923e-01
6.404914601391928954e+03 1.004014904728502300e+00
6.407491431347109028e+03 9.908472680258963994e-01
6.410068322227772114e+03 9.714779099600280299e-01
6.412645274167885873e+03 9.892184846045534163e-01
6.415222287301565302e+03 9.984690766427797293e-01
6.417799361763070920e+03 9.751299828986641494e-01
6.420376497686808762e+03 9.714103498100484790e-01
6.422953695207330384e+03 9.910838275433928590e-01
6.425530954459331952e+03 1.017682266122367896e+00
6.428108275577655149e+03 9.720929845906963740e-01
6.430685658697289909e+03 9.939061435786610277e-01
6.433263103953365317e+03 9.795723825659666817e-01
6.435840611481162341e+03 1.000698173208597996e+00
6.438418181416103835e+03 1.007030938409464893e+00
6.440995813893759987e+03 1.027426255959166479e+00
6.443573509049842869e+03 1.003172369373861894e+00
6.446151267020215528e+03 9.818124478552731071e-01
6.448729087940881072e+03 9.825198392964707983e-01
6.451306971947991769e+03 9.901603063587995912e-01
6.453884919177842676e+03 9.947408265051908005e-01
6.456462929766877096e+03 1.036552039174448714e+00
6.459041003851680216e+03 9.811108638125787262e-01
6.461619141568986379e+03 9.974469431530776919e-01
6.464197343055671809e+03 1.033475144239326404e+00
6.466775608448760977e+03 1.003621422932541529e+00
6.469353937885422056e+03 9.934847497823381390e-01
6.471932331502969646e+03 9.987344448389255946e-01
6.474510789438862957e+03 9.863429616221804919e-01
6.477089311830706720e+03 9.971886427742191472e-01
6.479667898816253000e+03 9.632869503514096543e-01
6.482246550533394839e+03 9.882265381231011281e-01
6.484825267120175340e+03 9.704205322403814948e-01
6.487404048714782220e+03 9.875608485706379724e-01
6.489982895455545076e+03 9.987168840998865704e-01
6.492561807480942662e+03 9.907872912378150598e-01
6.495140784929599249e+03 1.115285987559343495e+00
6.497719827940280084e+03 9.715351431309519059e-01
6.500298936651901386e+03 9.909045437485715091e-01
6.502878111203521257e+03 1.013506514395434266e+00
6.505457351734345139e+03 1.004784735869813428e+00
6.508036658383722170e+03 1.021288054136305190e+00
6.510616031291147920e+03 1.010205407313304660e+00
6.513195470596264386e+03 9.772158294074438922e-01
6.515774976438856356e+03 9.794527952317383379e-01
6.518354548958855958e+03 9.628699264305227157e-01
6.520934188296339926e+03 9.672441592760445683e-01
6.523513894591531425e+03 9.906095389051944311e-01
6.526093667984799140e+03 9.891930284042224075e-01
6.528673508616655454e+03 9.911737787115401099e-01
6.531253416627759179e+03 9.986829632173388482e-01
6.533833392158913739e+03 1.009770900767208435e+00
6.536413435351069893e+03 1.009853789601196095e+00
6.538993546345322102e+03 1.021308655500887896e+00
6.541573725282911255e+03 9.830875479211333978e-01
6.544153972305222851e+03 9.834049195351562966e-01
6.546734287553788818e+03 9.749176387091450513e-01
6.549314671170285692e+03 1.014237055690195399e+00
6.551895123296534621e+03 1.016211979379627373e+00
6.554475644074504089e+03 1.023308253373987009e+00
6.557056233646306282e+03 9.857412337919376766e-01
6.559636892154199813e+03 9.340962950965179257e-01
6.562217619740588816e+03 9.023344654135601051e-01
6.564798416548022942e+03 9.661863821019496257e-01
6.567379282719195544e+03 1.048045510746158815e+00
6.569960218396947312e+03 1.056198347471601018e+00
6.572541223724263546e+03 1.024495903971728739e+00
6.575122298844276884e+03 9.771737846889460011e-01
6.577703443900260027e+03 1.002538254306904575e+00
6.580284659035637560e+03 9.945051115460158409e-01
6.582865944393975951e+03 1.003292439586010998e+00
6.585447300118987187e+03 1.050965853909732406e+00
6.588028726354529681e+03 1.077151082927506165e+00
6.590610223244606459e+03 1.064670403524741404e+00
6.593191790933366065e+03 1.012540678297914942e+00
6.595773429565104379e+03 9.722960750570746047e-01
6.598355139284259167e+03 9.953894569921020175e-01
6.600936920235416437e+03 9.938953229490352648e-01
6.603518772563305902e+03 1.007727803635205532e+00
6.606100696412804609e+03 9.917244990301862240e-01
6.608682691928932400e+03 9.719787248219196041e-01
6.611264759256857360e+03 9.860842255411026436e-01
6.613846898541891278e+03 9.970350933971073859e-01
6.616429109929491460e+03 9.747663973879536758e-01
6.619011393565259823e+03 9.982386124095621316e-01
6.621593749594946530e+03 1.008010255840334990e+00
6.624176178164445446e+03 9.990029777831224145e-01
6.626758679419793225e+03 1.017352468761605344e+00
6.629341253507178408e+03 1.001281449498308662e+00
6.631923900572926868e+03 9.890681383105768276e-01
6.634506620763517276e+03 9.828826572059929934e-01
6.637089414225569271e+03 9.884327832043725559e-01
6.639672281105849834e+03 9.732798204279385912e-01
6.642255221551269642e+03 9.939827229786752927e-01
6.644838235708886714e+03 9.570274300327537009e-01
6.647421323725902766e+03 9.792663898897380204e-01
6.650004485749665946e+03 9.934750005622052793e-01
6.652587721927670827e+03 9.928066110791867738e-01
6.655171032407554776e+03 1.008051470626256663e+00
6.657754417337103405e+03 9.810591484519397554e-01
6.660337876864245118e+03 9.852552668128571334e-01
6.662921411137055657e+03 1.022735181832874707e+00
6.665505020303755373e+03 9.999237445777032773e-01
6.668088704512710137e+03 1.028820954318339531e+00
6.670672463912431340e+03 9.852708783883356025e-01
6.673256298651574980e+03 1.012289395763640298e+00
6.675840208878944395e+03 1.002994869627167773e+00
6.678424194743486623e+03 1.002697575330434354e+00
6.681008256394295131e+03 9.910356484028075563e-01
6.683592393980607994e+03 9.986402850891753502e-01
6.686176607651808808e+03 1.000889688836624991e+00
6.688760897557425778e+03 9.508873102085012574e-01
6.691345263847135357e+03 1.008031405803670566e+00
6.693929706670757696e+03 1.025345804326518007e+00
6.696514226178257559e+03 1.017887338488031368e+00
6.699098822519745227e+03 1.006085561480043022e+00
6.701683495845478319e+03 1.003961613771372052e+00
6.704268246305857247e+03 1.016086056585453923e+00
6.706853074051430667e+03 9.886212253512683956e-01
6.709437979232890029e+03 1.064319662390720733e+00
6.712022962001074120e+03 1.019740898640989046e+00
6.714608022506965426e+03 1.027789131453102467e+00
6.717193160901693773e+03 1.020689827991471565e+00
6.719778377336533595e+03 1.060349650592256276e+00
6.722363671962903027e+03 1.062345025986968672e+00
6.724949044932367542e+03 1.060115649651572012e+00
6.727534496396639042e+03 1.025037360121818120e+00
6.730120026507573129e+03 1.017047337468164114e+00
6.732705635417169105e+03 1.046548667969491087e+00
6.735291323277577249e+03 1.044746826043753130e+00
6.737877090241086080e+03 1.039146462121022907e+00
6.740462936460135097e+03 1.042083666719739288e+00
6.743048862087307498e+03 1.023653297390181738e+00
6.745634867275331999e+03 9.844502100177954240e-01
6.748220952177080108e+03 1.007115840352858616e+00
6.750807116945574307e+03 9.797707091547418479e-01
6.753393361733977144e+03 1.006179889293364882e+00
6.755979686695598502e+03 6.336315088676537366e-01
6.758566091983895603e+03 9.520434436836777703e-01
6.761152577752468460e+03 9.746537524624755422e-01
6.763739144155063514e+03 9.679480969263776213e-01
6.766325791345571815e+03 9.569469334653044612e-01
6.768912519478031754e+03 9.583767703177212827e-01
6.771499328706625420e+03 9.767810128937089997e-01
6.774086219185681330e+03 9.900425689491151315e-01
6.776673191069670793e+03 1.014432079314001811e+00
6.779260244513216094e+03 9.860289397509506282e-01
6.781847379671078670e+03 9.576623485091465549e-01
6.784434596698169116e+03 9.217003153346436939e-01
6.787021895749543546e+03 9.771050169492259130e-01
6.789609276980399954e+03 9.893516017674478524e-01
6.792196740546087312e+03 9.782584794799293881e-01
6.794784286602096472e+03 1.011362919626884294e+00
6.797371915304061986e+03 1.018566945011672997e+00
6.799959626807767563e+03 9.978381171536206962e-01
6.802547421269141523e+03 1.000057744321603215e+00
6.805135298844255885e+03 1.012528925810081359e+00
6.807723259689329097e+03 1.010885789632870235e+00
6.810311303960725127e+03 9.983324379910318846e-01
6.812899431814953459e+03 9.964837127296635177e-01
6.815487643408669101e+03 1.007733739408366080e+00
6.818075938898671666e+03 1.011163599493718035e+00
6.820664318441906289e+03 9.696018095171703433e-01
6.823252782195464533e+03 9.794490349998621337e-01
6.825841330316583480e+03 9.742941457278021522e-01
6.828429962962643913e+03 1.056114289405359008e+00
6.831018680291173041e+03 1.089592769745424405e+00
6.833607482459843595e+03 1.073047953293037482e+00
6.836196369626473825e+03 1.072088666263401491e+00
6.838785341949027497e+03 1.018042331991940497e+00
6.841374399585612991e+03 1.028686823725917687e+00
6.843963542694486023e+03 1.031183097646889424e+00
6.846552771434044189e+03 1.008878510716052057e+00
6.849142085962832425e+03 1.044365219347980656e+00
6.851731486439543005e+03 1.009224036179464434e+00
6.854320973023011902e+03 1.028865738813405262e+00
6.856910545872219700e+03 1.042321895603408155e+00
6.859500205146292501e+03 1.044823162423134777e+00
6.862089951004503746e+03 1.085566944077176910e+00
6.864679783606272395e+03 1.094321843617287016e+00
6.867269703111157469e+03 9.481953820133172117e-01
6.869859709678870786e+03 7.622240944101150717e-01
6.872449803469266044e+03 7.387479513591628244e-01
6.875039984642340642e+03 7.815663211868337790e-01
6.877630253358240225e+03 8.525773849796595139e-01
6.880220609777255959e+03 9.752028289356943214e-01
6.882811054059822709e+03 9.884009512780209672e-01
6.885401586366520860e+03 9.285538100544384887e-01
6.887992206858078134e+03 9.394026790378480207e-01
6.890582915695364136e+03 9.580955263104825592e-01
6.893173713039399445e+03 9.264271300901862904e-01
6.895764599051342884e+03 9.333362652009700167e-01
6.898355573892506072e+03 9.497088554161049467e-01
6.900946637724338871e+03 9.684338514099849471e-01
6.903537790708443936e+03 9.868528872535656804e-01
6.906129033006563077e+03 9.786524426324211268e-01
6.908720364780587261e+03 1.004980078133419941e+00
6.911311786192549334e+03 1.029209850706272800e+00
6.913903297404633122e+03 1.043300443038243541e+00
6.916494898579163419e+03 1.013425119729394197e+00
6.919086589878610539e+03 9.952511511767152541e-01
6.921678371465593045e+03 1.043467215217319444e+00
6.924270243502871381e+03 1.093002102888092519e+00
6.926862206153355146e+03 1.074053764928742050e+00
6.929454259580095822e+03 1.059401021876817728e+00
6.932046403946293140e+03 1.025558253402166997e+00
6.934638639415288708e+03 1.038566866011687795e+00
6.937230966150575114e+03 1.069935551758047776e+00
6.939823384315785006e+03 1.041679441111659221e+00
6.942415894074699281e+03 1.027211004824022389e+00
6.945008495591242536e+03 1.026082728680268952e+00
6.947601189029487614e+03 1.084314051896768216e+00
6.950193974553649241e+03 1.110887909254053785e+00
6.952786852328090390e+03 1.065984368365523460e+00
6.955379822517317734e+03 1.042282504344675065e+00
6.957972885285982557e+03 1.031143779327211130e+00
6.960566040798886206e+03 1.043182268754870412e+00
6.963159289220970095e+03 1.047152550636040624e+00
6.965752630717322972e+03 1.060949816871589180e+00
6.968346065453179108e+03 1.075840773865439415e+00
6.970939593593919199e+03 1.070213943810234269e+00
6.973533215305069461e+03 1.063002525988169245e+00
6.976126930752297994e+03 1.084001413194439323e+00
6.978720740101422052e+03 1.054400545595815419e+00
6.981314643518402590e+03 1.082232492801520340e+00
6.983908641169346993e+03 1.031215147068359705e+00
6.986502733220507253e+03 1.035195322579085309e+00
6.989096919838280883e+03 1.040797816997877101e+00
6.991691201189211824e+03 1.002521226654218056e+00
6.994285577439987719e+03 1.010870117525802581e+00
6.996880048757442637e+03 9.921525238007842251e-01
6.999474615308556167e+03 1.016318095506929753e+00
7.002069277260454328e+03 1.025080050042421531e+00
7.004664034780404108e+03 9.994989384292256585e-01
7.007258888035823475e+03 9.967788016937297879e-01
7.009853837194274092e+03 1.021266123018061078e+00
7.012448882423459509e+03 1.029758322979759333e+00
7.015044023891234247e+03 9.999970068543920787e-01
7.017639261765594711e+03 9.761197270486964284e-01
7.020234596214682824e+03 9.937167387868093282e-01
7.022830027406789668e+03 9.751042136477304778e-01
7.025425555510344566e+03 9.594588746316745631e-01
7.028021180693928727e+03 9.755896424524033161e-01
7.030616903126267061e+03 1.028804195864531312e+00
7.033212722976228179e+03 1.013638260043147943e+00
7.035808640412826207e+03 1.009801244907352125e+00
7.038404655605225344e+03 9.787007902613913402e-01
7.041000768722728026e+03 1.006038452907478398e+00
7.043596979934788578e+03 9.792684960118509530e-01
7.046193289411001388e+03 1.000192207754784457e+00
7.048789697321109998e+03 1.016618640297382914e+00
7.051386203835002561e+03 9.745423145934524189e-01
7.053982809122710933e+03 9.820176120139272324e-01
7.056579513354414303e+03 1.016370260354829469e+00
7.059176316700437383e+03 9.840627563317814186e-01
7.061773219331247674e+03 1.012932767351350405e+00
7.064370221417461835e+03 1.003071522000066773e+00
7.066967323129839315e+03 1.039599354012042509e+00
7.069564524639285082e+03 1.050686631126932724e+00
7.072161826116851444e+03 1.006323644259734307e+00
7.074759227733735315e+03 1.030714649132489447e+00
7.077356729661276404e+03 1.011992957766590928e+00
7.079954332070963574e+03 9.825336642191075942e-01
7.082552035134428479e+03 1.006358800421321531e+00
7.085149839023450113e+03 1.001143462359783243e+00
7.087747743909952078e+03 1.037272876108891406e+00
7.090345749966003496e+03 1.029704978922356906e+00
7.092943857363818097e+03 1.050026549666373210e+00
7.095542066275755133e+03 9.930342507292750920e-01
7.098140376874321191e+03 9.818055600223043466e-01
7.100738789332166562e+03 9.873758723468598619e-01
7.103337303822087051e+03 9.888426461108926757e-01
7.105935920517023987e+03 9.983780939825317446e-01
7.108534639590065126e+03 9.819508839607690165e-01
7.111133461214441922e+03 9.846435500090582327e-01
7.113732385563531352e+03 1.013847239086628882e+00
7.116331412810857728e+03 9.920107517758005589e-01
7.118930543130090882e+03 1.019490879550792872e+00
7.121529776695042528e+03 1.014656080982003994e+00
7.124129113679671718e+03 1.011984862103116223e+00
7.126728554258084841e+03 1.023947444593348965e+00
7.129328098604532897e+03 1.033919317216072775e+00
7.131927746893410585e+03 9.917708787468891840e-01
7.134527499299256306e+03 1.010789663234555436e+00
7.137127355996761253e+03 1.003667209589706122e+00
7.139727317160753955e+03 1.021779807553347519e+00
7.142327382966213008e+03 9.648557208988580713e-01
7.144927553588260707e+03 1.019222197388654161e+00
7.147527829202166686e+03 1.005566359367897622e+00
7.150128209983342458e+03 1.037714840842889563e+00
7.152728696107346877e+03 1.021337020044658317e+00
7.155329287749886134e+03 1.013056012352689716e+00
7.157929985086810120e+03 1.015135574459142598e+00
7.160530788294112426e+03 1.028857957682693502e+00
7.163131697547933982e+03 9.907552317988526092e-01
7.165732713024562145e+03 9.414119537992431397e-01
7.168333834900427064e+03 9.513415975777496092e-01
7.170935063352107136e+03 9.337591414863415373e-01
7.173536398556323547e+03 8.840970830588114060e-01
7.176137840689943914e+03 8.684277983322806760e-01
7.178739389929982281e+03 9.096253961012298328e-01
7.181341046453596391e+03 9.245794536160254484e-01
7.183942810438091328e+03 8.801518840764029905e-01
7.186544682060914965e+03 8.062103814775363197e-01
7.189146661499662514e+03 8.956263840282744360e-01
7.191748748932075614e+03 9.131165907709505314e-01
7.194350944536039606e+03 8.371297537914754727e-01
7.196953248489583530e+03 8.998311700074256292e-01
7.199555660970885583e+03 8.891967495534248700e-01
7.202158182158268573e+03 9.034422783235384058e-01
7.204760812230197189e+03 9.472269641987449695e-01
7.207363551365287094e+03 9.097112396205182527e-01
7.209966399742294016e+03 9.805706284208303147e-01
7.212569357540123747e+03 9.969685815698425824e-01
7.215172424937823962e+03 1.023432705876206050e+00
7.217775602114589674e+03 9.998792934782767539e-01
7.220378889249759595e+03 1.035054152588832821e+00
7.222982286522819777e+03 1.010484865059559256e+00
7.225585794113401789e+03 1.018600389792919225e+00
7.228189412201279993e+03 1.000767941320811261e+00
7.230793140966376995e+03 1.030652578810297371e+00
7.233396980588759106e+03 9.063468670128023152e-01
7.236000931248639972e+03 8.901705564640787216e-01
7.238604993126376030e+03 1.028544046849801052e+00
7.241209166402471965e+03 1.131784270560843852e+00
7.243813451257574343e+03 1.070702447388866885e+00
7.246417847872477068e+03 1.141704722913371661e+00
7.249022356428122293e+03 1.032810372779468411e+00
7.251626977105593141e+03 9.980783668452646307e-01
7.254231710086120074e+03 9.678235779778077141e-01
7.256836555551078163e+03 9.769955446878926253e-01
7.259441513681989818e+03 9.768802554966750096e-01
7.262046584660520239e+03 9.791362668663999846e-01
7.264651768668481964e+03 9.217099564626047847e-01
7.267257065887833051e+03 9.341334212266400039e-01
7.269862476500675257e+03 1.020727656982620912e+00
7.272468000689257678e+03 9.934040078174515287e-01
7.275073638635972202e+03 1.036920710607965201e+00
7.277679390523359871e+03 1.092022309190968654e+00
7.280285256534104519e+03 1.018174082543690240e+00
7.282891236851035501e+03 1.040793524190056329e+00
7.285497331657128598e+03 1.090266875009806791e+00
7.288103541135504202e+03 9.730706859241385898e-01
7.290709865469428223e+03 9.131585410633601407e-01
7.293316304842313912e+03 9.168536331000222139e-01
7.295922859437715488e+03 9.761145606270261732e-01
7.298529529439337239e+03 1.001703595631469712e+00
7.301136315031026243e+03 9.450725980365823897e-01
7.303743216396776916e+03 9.592376051622711897e-01
7.306350233720726465e+03 1.005680341912368325e+00
7.308957367187158525e+03 9.361484159858133314e-01
7.311564616980504070e+03 8.879455471734302163e-01
7.314171983285337774e+03 9.978373714010589923e-01
7.316779466286378010e+03 1.097570057759132744e+00
7.319387066168493220e+03 1.006627546089529757e+00
7.321994783116692815e+03 9.543908855287173143e-01
7.324602617316134456e+03 9.955638990896267249e-01
7.327210568952119502e+03 1.005314862574780754e+00
7.329818638210093923e+03 1.073209362816117896e+00
7.332426825275652845e+03 1.023166180662855362e+00
7.335035130334534188e+03 9.627439428077856354e-01
7.337643553572619567e+03 9.810408108832556762e-01
7.340252095175940667e+03 1.145274470909230180e+00
7.342860755330670145e+03 1.147705838635926678e+00
7.345469534223128903e+03 1.015170539064859989e+00
7.348078432039781546e+03 9.904592273669059477e-01
7.350687448967239106e+03 9.413995850841992974e-01
7.353296585192258135e+03 9.716809775199377608e-01
7.355905840901738884e+03 9.649525120148335633e-01
7.358515216282729853e+03 1.013377415718309527e+00
7.361124711522422331e+03 1.013192119515837097e+00
7.363734326808154947e+03 9.214054073188459038e-01
7.366344062327410938e+03 9.604914514104798684e-01
7.368953918267818153e+03 1.054216048291079844e+00
7.371563894817150867e+03 1.043875477919765205e+00
7.374173992163329785e+03 9.819180902317798942e-01
7.376784210494418403e+03 9.442240403764904366e-01
7.379394549998627554e+03 9.382525056855212098e-01
7.382005010864312680e+03 9.553395061625856721e-01
7.384615593279975656e+03 9.668817586995909208e-01
7.387226297434262051e+03 9.545896617891502789e-01
7.389837123515963867e+03 1.023738475922640223e+00
7.392448071714020443e+03 9.759052887997102799e-01
7.395059142217512999e+03 9.740061183835092562e-01
7.397670335215669184e+03 9.335910583849897915e-01
7.400281650897863074e+03 9.562488204306295314e-01
7.402893089453615175e+03 1.021734455651545970e+00
7.405504651072587876e+03 1.020887936160745246e+00
7.408116335944593629e+03 9.607417127658801626e-01
7.410728144259584951e+03 9.115291867415492577e-01
7.413340076207665334e+03 9.146599002065481931e-01
7.415952131979078331e+03 9.282905515571501232e-01
7.418564311764217564e+03 9.685528182515791285e-01
7.421176615753618535e+03 9.582028534374971152e-01
7.423789044137964083e+03 9.724620766143186046e-01
7.426401597108082569e+03 9.547350080221234103e-01
7.429014274854947871e+03 9.487494092859847239e-01
7.431627077569677567e+03 1.016132090932324594e+00
7.434240005443534756e+03 9.942181795610225414e-01
7.436853058667931691e+03 9.417007767848259991e-01
7.439466237434420691e+03 1.034076265907525105e+00
7.442079541934703229e+03 1.021191275537125298e+00
7.444692972360625390e+03 9.892080891758299188e-01
7.447306528904177867e+03 9.903655202425235560e-01
7.449920211757496872e+03 9.886246765983004448e-01
7.452534021112865958e+03 1.015819245487150191e+00
7.455147957162711464e+03 9.721675789852485261e-01
7.457762020099605252e+03 1.048246120852535324e+00
7.460376210116266520e+03 1.047774254868301336e+00
7.462990527405559988e+03 9.889615583767972229e-01
7.465604972160493162e+03 1.087859550250501073e+00
7.468219544574221800e+03 1.091005663602658826e+00
7.470834244840045358e+03 1.104401783731405740e+00
7.473449073151408811e+03 1.115436090028148142e+00
7.476064029701902655e+03 1.127333821302936023e+00
7.478679114685263812e+03 4.768999549072373001e-01
